750
707
755
18 386
436
320
634 856
669
713
310 984
213
455 252
185 256
397
409 464
506
509
410 579
447 151
903 306
191 674
177
450
489
49 419
821
186
400
828 670
234 701
892 69
435
48
83
309
778
493
986
905
910 587
302
280 82
183 129
727
592
335 32
767
363 104
714 891
952 752
946 337
850
406
428 345
722
9
865
831
356
564 965
340
502
947 813
89
4
757
663
315
190 163
232
481 620
333
230
347
902 415
931
881 940
142
365 115
848
710 487
442
527 495
954
209
240
38
194
646
835 601
103
533
72 573
976
729
307 696
559
332
0 512
95 385
181
615 414
144 552
74
753 545
859
233
677
5
647
118 957
141
422 253
378
471 837
777
711 384
728
731 259
159
425
196
178
656
804
28
661 643
535 218
898 108
680
709 155
158 915
671
339 928
566 55
652
90
202
576
675 44
657 697
599 977
113
534 630
558 114
433
383 484
882 248
57 437
843
14
996 542
325
712
810 749
286
969
548 758
858 521
702
208
206 909
906
875
732
855
311
799
430
353 116
402 619
135
343 330
590 683
990 101
629
373 476
421
613
372 86
756
593
238 427
212
706
200 413
748
550
401 824
992
288 825
877
812
861 943
826
35
739
446
774 695
268
91 572
742
538
424 394
25
326
472
17
844
870
119 528
540
788 781
465 84
205
949 269
412
367
917
836
554
387
171 285
463
845
368 366
557
734
797 503
604
19
823
654
688
131 995
282
607 321
924
644
878
504
316
529 496
741
140
201
26 37
121
948
795 543
922
820
792
390 800
956 273
393
271 376
585 150
438 968
561
63
334
284
22
143 703
895
934 137
563 392
352
667
653 478
801 458
21
762 991
445 15
705 625
457
618 981
389
605
785
160 857
354
979 517
921
784
541
87
551
513 466
176
987
616
261
525 993
733
275
853 58
93 2
254
249 717
975
966
461 52
298
106
715 236
743
107
396
246 156
499
962
342
274
272
754
314
832 586
655
822
497
886
379
245
841 817
166
78
867
440
692
735 793
98
681 382
960 289
893
760 789
170
608 350
313
935
225
690
811
508
522 883
744 806
296
454 61
125
880
724
933
417 958
672
192
404
627
8 686
281
179
423
983
693
34
989
247
7
231 751
468
964
773 449
1
375 47
145
109
716 31
255
526
639
936
305
164
926
312
863
679
46 582
787
94 12
809
854
736
189
132
71 168
622 974
431
937 304
488
885 359
908
896
791
277
130 547
3
139
594
217
904 580
42
553 36
803
299
944
85 524
745
869
567
152 407
308
609 452
776
227 173
740 123
328
556
945 157
623
581 263
30 482
479
676 912
319
950
374
416
11
816 628
81
469 901
650
426 214
834 988
120
730
45
10 665
355 635
207 51
100
642
395 295
429
346
718
955
862 603
516
405 126
645
381
971
258
322 182
574
470 999
847 571
364
596
678
980 578
444 685
889
317
242 930
491
68 659
720 783
967 88
133 973
70
839
994
165 982
829
153 204
505
610
197
747
60
24
357
172 124
849
20 808
222
549
970
666 494
122
963
597
919 595
532
500
737 894
570
765 399
477
539
370
780
439
229
174
41
700 80
602
13
555
300
887
301
771
614
775
611
92
467
879 250
39
721 699
796 99
64 327
219
75
807
228
485
283
818 763
704
358
890
341 920
814 897
239
691
265
546
544 632
682
136
641
216
624 805
303
331 226
507
66 598
515
723
588
490 198
626
167
923
475 501
530
102 244
689 175
514
584
462
694
769 169
278
565
351
180 223
536
637 617
187
668 76
560
348
907
193
398 67
997
925
914
292
251
884 600
998
50
260
162 510
111
860
361
523 59
6 868
939
344 673
16
110
456
779
294
65 750
79 492
772
951
852
972
938
959
441
369
420
978
899
483
725
790
211
842
434 237
621
766
29
658
73
746
23
782 195
336 388
188 270
408 474
918 876
568 266
235
43
377
134 866
874
324 651
243 985
224 871
519
97 443
764
54 932
460
371 929
864
279
127
297 838
459 432
633 262
761
411
840 511
148
531
636 128
575
664 518
794 684
480
291 911
241
323
33
154
287
56
648
768
815
798 562
900
662 498
453
719
267
833 105
53 759
830
349
184
448
62
802
520
161 698
380
649
451
851
77
589 290
149
786
916 612
888
203
360
112
473
220
913
215 146
738
391
117 660
640
961 40
819
687
210
583 726
403 138
638
591
199 873
631 953
827
606
318 941
96 770
927 872
147 221
942
276
329
293
708
362
264 577
418 846
486
537 338
569
27 257
