750
454 720
419 731
168 749
240
855
479
468
331 365
873 568
905
267
441
290 414
775
551
352
776
530
497
326
885 577
70
977 204
406
680
791
315
797 891
354
605
235
434 651
286
706
722
253 695
325
914
511 249
854
863
529 94
909 676
134 866
192
730
743
864
656
728
425
312
21
510 806
303
199 628
836
757
587 2
499
358
431
801 566
254
294
843
754
123 96
557
58 471
768
149
210
752 432
826
453
45
803
495 985
87
173 789
944
900
964
673 847
226 408
852
778
41
289 697
10 318
323
50
83
76 200
660 427
772
457
397
121
170
187
698 522
237 601
464 252
840 15
500
201
534 609
339 115
987
54 386
965 953
907
508
681 558
368 984
880
807
309
193
329
514
632 227
239
322 699
28
786
517 385
317
47 236
494 246
849
493
332
602
574
119 633
940 484
328
978
509
526
348
209
100
274
462
33
678
477
42
782 57
472
74
625 973
370
617 945
972
308
89
959
279
241
350 269
174
971
829
245
158 816
14
790
917
449 321
460
896
34
430
257 911
505
37 476
456
556
222
217
132
395 445
820
391
804
220
531
259 231
349
727
11
792
250 861
979 813
198 126
342
161 372
469 143
451
763 69
39
802
98
384 291
486
489
67 59
176
106
837 407
181
819
140
356
111
810 929
713
196
597
283
833 114
682
389
44 999
351
989
550
177
512 884
718
967 72
91 51
733
665 572
272
993 862
881 657
265
40 668
353 795
910 501
936
613
579 758
814 188
61 898
693
976
677
850
912 956
1
527 578
152 214
53 85
899
5
982 750
694
520
284
360
60
781 95
895
941 563
755
614
777
340
316
725
179
674 765
584
942
926
992
215 981
955
281
961 398
716 664
784
954
887
437 902
66 343
118 547
146 927
570
300
171 144
366 581
207 324
337 0
540
822
29
903 528
928 774
541
293
459 518
255
877
859
631 36
865
155 498
753 438
442
412
392 838
467
669
327 582
745
525 165
879 79
709 659
554
913
667
938
268
190 759
908
741
701 310
962
377
93 957
565
103
780
218 523
931
82 751
600 466
211
496 685
169 991
3
608 980
684 371
592
280 271
742
364
13
679
975
641
81
845
867
195 952
594
481 101
536
110
301
616
904 55
150 133
823
756
77
583 943
263 105
734
483
396
151 586
647
515
744 535
230
400
507
224 382
966
68 841
84 18
821
401 798
450
62
232
724
649
707
203
141
894 653
794 542
869
773 796
247
560
228
439
488
890
463
413 116
623
839
378
423
901 858
156 689
671
38
164
634 590
606
947 988
380
298
205
166
655
949 937
555
135
559
7
799
120
90
225
357
346
688
740 452
503 619
78
369
311
260
405 147
130 153
951
638
809
548 760
242 589
421
399 388
256 65
648
596
871 513
963
167
516
691
23
827
604
575
258
504
692
25
519
393
705 474
948
646
893
160 383
404
125
588
892 564
361
842
714 595
708
102 726
627
611
330 932
411
793 418
787
872 295
629
506
719
549
216
946 338
746
229
998
4
930 960
995 182
26 974
292
736
8 390
381
163 458
127
996 915
175 444
739
933
202
266 104
373 137
569
197
580 544
128 882
766
844
808 721
502
785
672
683 643
603 618
675 492
17
610
771
824 853
429
650
314
735 129
921
307 185
6 30
490 243
652
287
812
71 552
189
626
769 402
157 805
48
886
159
233
906
990 686
968 553
333
624 661
347
767
994
213
919 876
888
630 273
32 622
394 131
122
737 770
80 545
704
696 715
983
939
950
297 403
925
113
335 180
591
435
296
480
640
19
194
138 788
374
56
747
868 172
184
567
482 270
923
142
305
436
275
642
599 461
748
148
186
64 355
276
277
644
410 248
223 359
654
690
24
416
99 455
178
764
818 883
831
830
687
857 344
870
856 234
573 183
63
639
779
73
539
663
35
443 834
585 846
447 117
154
420
889
538
285 958
470 636
278
302
426 124
212
251
607 424
934 717
620 31
922
107
897 345
362
723
702
970
320
334
415 244
478 108
387
433
969
986
12 191
440
112
738
139
109
916 832
46 262
363 206
732
612 521
282
97 20
762 238
533
997
576
635 27
878
136
313
924
712
16
711 828
815
935
546
761
561
208
918 264
621
532
336 221
22
446
662 562
670 700
710 288
92
376 800
304 428
537 422
145
43
645
817 920
487 49
851
637 341
729
75
666 88
219
299
162 825
593
475 524
465 571
306 703
448
598 783
367
835 615
811
52 417
848
485
860
319
9
874
261
875
86 543
491
379
473
375 409
658
