750
220
468
833 105
816 628
29
174
527 495
94 12
756
564 965
592
780
165 982
166
57 437
994
328
642
292
654
952 752
663
742
353 116
671
185 256
325
323
364
933
147 221
658
532
860
258
732
184
614
309
377
187
111
140
238 427
480
391
509
672
96 770
271 376
142
154
702
541
913
774 695
297 838
712
442
162 510
120
160 857
887
766
850
342
228
1
728
725
425
556
641
103
737 894
755
621
944
242 930
707
261
691
277
355 635
219
83
433
925
148
690
216
646
803
827
622 974
203
199 873
348
714 891
839
937 304
227 173
274
121
616
400
865
132
56
149
711 384
682
418 846
667
557
594
45
692
970
402 619
613
408 474
534 630
213
4
53 759
329
523 59
959
678
563 392
507
401 824
393
490 198
980 578
602
70
245
335 32
448
743
990 101
405 126
339 928
460
135
675 44
314
918 876
5
963
795 543
477
831
383 484
634 856
997
505
19
447 151
648
144 552
85 524
62
378
106
98
869
834 988
93 2
416
294
194
107
790
22
390 800
417 958
761
584
20 808
215 146
27 257
812
898 108
435
13
626
396
905
347
7
731 259
638
971
874
705 625
161 698
948
286
848
539
931
895
64 327
722
771
462
247
181
611
591
230
823
842
91 572
109
33
186
68 659
624 805
426 214
852
645
807
35
332
733
792
307 696
81
987
927 872
6 868
546
222
278
889
251
485
225
412
502
411
217
326
782 195
465 84
75
520
945 157
451
354
851
899
92
964
854
514
721 699
559
504
299
373 476
318 941
978
438 968
343 330
229
924
917
23
588
489
893
535 218
475 501
738
317
639
177
371 929
986
143 703
956 273
558 114
859
17
322 182
178
249 717
921
955
481 620
189
797 503
10 665
597
310 984
753 545
179
283
0 512
716 31
890
159
463
767
206 909
708
815
136
885 359
576
66 598
867
497
914
609 452
679
288 825
784
704
117 660
254
886
830
934 137
39
900
43
653 478
786
102 244
713
406
583 726
284
951
25
272
922
903 306
282
246 156
319
855
172 124
785
346
16
63
969
519
880
34
87
14
652
389
607 321
176
79 492
211
640
710 487
631 953
724
804
983
127
97 443
300
633 262
836
268
403 138
267
508
862 603
293
113
858 521
902 415
210
486
235
170
719
139
760 789
110
773 449
421
554
439
471 837
369
536
748
765 399
26 37
100
357
560
776
596
996 542
540
744 806
747
688
374
265
960 289
493
992
446
811
861 943
311
979 517
336 388
188 270
333
961 40
892 69
370
568 266
461 52
430
280 82
208
623
209
398 67
687
618 981
141
801 458
788 781
303
779
281
561
167
764
125
441
192
445 15
331 226
599 977
49 419
569
77
473
479
404
515
301
434 237
741
239
762 991
593
90
153 204
308
845
50
397
775
42
499
454 61
410 579
538
260
740 123
655
428 345
694
279
28
196
777
919 595
358
255
550
183 129
904 580
387
525 993
590 683
976
3
522 883
78
264 577
718
565
693
119 528
506
864
847 571
589 290
367
48
381
942
681 382
334
549
650
829
341 920
604
72 573
881 940
745
368 366
409 464
946 337
8 686
739
936
567
340
908
530
544 632
972
362
656
424 394
736
231 751
483
700 80
551
453
734
131 995
610
472
118 957
729
810 749
207 51
916 612
372 86
962
615 414
814 897
608 350
828 670
312
360
276
706
38
878
606
21
727
46 582
363 104
647
324 651
566 55
467
431
818 763
896
574
791
171 285
715 236
379
629
778
130 547
935
954
202
232
444 685
422 253
605
832 586
769 169
320
423
809
233
65 750
799
709 155
134 866
190 163
676 912
949 269
500
365 115
529 496
875
926
275
644
112
735 793
302
870
513 466
459 432
840 511
313
9
879 250
798 562
316
526
849
351
950
677
923
835 601
380
989
344 673
287
570
420
720 783
548 758
298
200 413
768
455 252
939
315
907
967 88
863
843
349
469 901
224 871
158 915
657 697
152 407
664 518
636 128
723
74
649
395 295
680
296
356
436
585 150
966
205
975
754
884 600
30 482
95 385
305
516
531
240
822
794 684
553 36
73
60
24
826
669
488
637 617
201
491
581 263
145
910 587
730
819
661 643
180 223
456
537 338
772
429
241
555
18 386
689 175
122
470 999
41
193
627
853 58
197
440
877
820
450
164
841 817
947 813
998
821
352
938
11
291 911
906
243 985
457
796 99
71 168
375 47
888
787
746
54 932
89
668 76
757
575
882 248
802
533
662 498
666 494
234 701
844
191 674
212
361
133 973
