750
567
892 564
837 407
950
228
176
316
772
851
647
793 418
363 206
219
155 498
508
397
913
909 676
281
92
711 828
507
903 528
989
738
309
597
111
123 96
168 749
190 759
967 72
311
702
624 661
480
785
761
62
840 15
718
608 980
305
81
923
487 49
333
645
617 945
410 248
38
827
771
873 568
9
556
317
878
740 452
395 445
794 542
297 403
366 581
276
684 371
680
7
233
440
401 798
356
642
512 884
505
802
423
603 618
894 653
181
573 183
353 795
68 841
516
536
406
241
998
239
517 385
113
541
322 699
74
606
218 523
901 858
646
724
58 471
629
254
525 165
112
162 825
477
118 547
56
35
329
331 365
875
723
369
10 318
948
730
546
42
843
235
222
52 417
272
201
778
146 927
75
294
40 668
67 59
531
690
194
247
961 398
683 643
656
158 816
722
34
174
930 960
625 973
86 543
97 20
640
583 943
1
293
102 726
822
692
443 834
78
37 476
259 231
12 191
459 518
712
995 182
914
791
26 974
279
209
534 609
336 221
819
835 615
942
719
935
823
885 577
605
850
210
839
154
964
377
475 524
857 344
790
540
976
836
289 697
483
746
393
277
364
912 956
47 236
739
693
122
202
387
350 269
604
250 861
504
442
384 291
810 929
527 578
138 788
779
627
64 355
203
613
223 359
854
472
491
621
3
497
232
330 932
106
548 760
748
634 590
76 200
90
189
868 172
755
99 455
623
799
396
178
904 55
526
464 252
439
44 999
864
734
307 185
529 94
506
939
337 0
710 288
392 838
499
284
768
728
196
33
446
6 30
696 715
993 862
537 422
871 513
652
400
593
173 789
918 264
848
971
13
14
217
467
681 558
98
161 372
557
357
83
626
538
457
389
947 988
251
811
320
667
379
673 847
159
511 249
415 244
367
205
773 796
727
691
880
574
456
532
934 717
594
450
120
867
473
63
436
675 492
616
374
856 234
844
312
983
818 883
346
8 390
965 953
300
580 544
462
287
579 758
666 88
863
671
349
829
149
280 271
910 501
263 105
972
119 633
152 214
639
855
561
530
870
888
100
550
916 832
713
71 552
358
465 571
598 783
103
900
195 952
23
327 582
169 991
478 108
109
468
753 438
470 636
148
570
352
128 882
669
91 51
533
949 937
230
41
368 984
454 720
198 126
602
824 853
938
53 85
754
809
19
141
274
698 522
260
766
575
705 474
278
184
482 270
11
380
375 409
736
319
381
290 414
89
362
378
157 805
963
879 79
592
539
678
193
486
830
924
163 458
966
812
599 461
849
859
220
704
780
32 622
494 246
992
944
267
394 131
485
954
986
769 402
437 902
762 238
351
43
897 345
665 572
833 114
908
503 619
24
258
50
979 813
576
332
463
607 424
493
121
4
84 18
261
514
756
714 595
142
170
660 427
107
166
425
611
801 566
845
245
777
87
376 800
955
732
347
737 770
860
650
951
921
551
268
325
282
500
135
658
257 911
110
968 553
308
670 700
391
61 898
763 69
970
510 806
549
803
28
479
370
792
928 774
215 981
139
207 324
46 262
585 846
654
519
596
354
655
419 731
946 338
77
175 444
638
877
630 273
969
255
314
302
145
687
620 31
869
447 117
434 651
399 388
741
990 686
125
301
25
490 243
936
373 137
334
127
677
694
495 985
348
865
752 432
925
890
587 2
612 521
881 657
559
631 36
430
197
229
429
767
208
481 101
60
275
335 180
489
315
242 589
70
729
987
303
896
997
164
298
16
742
5
745
433
899
895
130 153
328
707
186
435
933
404
17
134 866
413 116
757
725
814 188
996 915
340
199 628
460
764
644
136
614
140
292
225
820
177
150 133
905
637 341
554
296
509
733
708
716 664
80 545
610
160 383
342
674 765
451
253 695
449 321
635 27
39
786
156 689
682
496 685
977 204
167
240
73
688
807
584
982 750
29
45
706
416
649
326
886
213
224 382
488
701 310
426 124
872 295
784
405 147
283
959
212
361
926
887
360
421
448
808 721
226 408
323
588
821
826
313
962
265
893
306 703
93 957
339 115
441
299
919 876
411
941 563
502
852
179
787
776
237 601
709 659
22
132
82 751
743
591
797 891
775
211
48
266 104
515
569
975
285 958
744 535
286
648
216
842
815
304 428
782 57
831
600 466
420
632 227
679
555
565
663
978
66 343
907
817 920
256 65
453
641
874
931
171 144
662 562
922
469 143
889
940 484
781 95
54 386
917
520
187
747
412
431
672
804
560
151 586
906
192
994
21
735 129
