750
134 866
291 911
299
513 466
0 512
581 263
500
245
235
611
622 974
502
508
969
5
823
97 443
975
444 685
364
96 770
720 783
147 221
29
862 603
629
541
997
828 670
127
745
448
851
604
287
158 915
165 982
810 749
926
742
785
536
148
249 717
986
320
642
131 995
194
556
54 932
499
153 204
77
152 407
924
75
945 157
692
319
527 495
644
180 223
996 542
462
923
559
874
45
490 198
302
882 248
937 304
358
118 957
4
680
687
201
640
570
140
942
353 116
225
509
729
723
792
434 237
347
403 138
849
811
6 868
879 250
91 572
667
275
308
254
19
135
935
638
540
222
733
379
519
711 384
589 290
311
491
533
322 182
439
861 943
764
652
480
300
892 69
869
199 873
233
426 214
913
555
776
807
693
422 253
406
678
954
48
694
605
356
854
208
560
757
71 168
279
983
357
189
787
936
786
27 257
819
761
395 295
390 800
569
74
119 528
590 683
809
329
539
238 427
814 897
457
380
472
690
410 579
650
917
550
794 684
95 385
895
743
303
459 432
980 578
219
229
441
529 496
747
342
239
197
972
216
451
38
176
971
331 226
42
369
133 973
656
344 673
349
679
844
112
355 635
433
960 289
73
485
845
713
231 751
431
596
17
728
557
593
535 218
734
423
900
594
575
465 84
469 901
106
81
716 31
618 981
416
354
710 487
334
818 763
429
360
836
875
424 394
378
92
274
833 105
326
725
447 151
132
992
607 321
247
951
383 484
425
296
3
648
661 643
730
241
979 517
33
211
9
145
946 337
18 386
149
301
583 726
645
43
66 598
351
947 813
774 695
374
463
365 115
375 47
931
206 909
904 580
858 521
397
93 2
1
373 476
554
421
948
768
970
332
110
210
436
213
28
417 958
368 366
795 543
209
121
179
676 912
585 150
649
746
830
224 871
68 659
161 698
966
623
903 306
613
621
389
563 392
63
704
20 808
460
959
328
987
998
14
125
989
340
271 376
367
408 474
812
26 37
802
470 999
832 586
278
767
537 338
870
658
39
159
335 32
803
64 327
284
624 805
864
821
748
107
497
286
56
565
228
614
293
976
841 817
906
467
779
914
778
592
516
843
853 58
865
455 252
902 415
21
675 44
855
297 838
471 837
584
8 686
489
144 552
400
162 510
90
468
566 55
886
918 876
916 612
719
283
715 236
850
85 524
707
646
310 984
445 15
772
172 124
522 883
732
952 752
700 80
831
343 330
773 449
234 701
731 259
346
859
561
949 269
877
574
227 173
446
826
488
265
62
230
662 498
261
243 985
404
744 806
634 856
83
87
727
655
325
217
691
775
391
616
288 825
418 846
514
89
411
887
188 270
314
548 758
967 88
591
171 285
597
712
178
905
207 51
260
13
754
282
506
615 414
934 137
267
281
944
688
255
120
721 699
780
277
450
639
428 345
822
136
409 464
558 114
538
60
352
268
440
797 503
835 601
714 891
11
50
933
551
401 824
113
381
117 660
790
280 82
755
766
922
708
316
801 458
799
177
305
317
867
990 101
130 547
884 600
371 929
142
196
606
657 697
324 651
525 993
412
669
191 674
193
251
141
896
477
160 857
10 665
272
668 76
765 399
16
94 12
292
608 350
435
784
737 894
664 518
955
599 977
736
829
526
57 437
200 413
370
782 195
486
689 175
246 156
111
479
633 262
205
183 129
154
220
103
312
741
430
815
672
735 793
978
453
361
520
143 703
473
315
202
706
878
98
333
852
907
298
41
323
544 632
567
962
910 587
994
192
232
839
481 620
34
553 36
25
848
309
438 968
387
264 577
636 128
164
530
820
203
405 126
738
626
396
483
919 595
860
493
212
663
890
588
187
398 67
215 146
788 781
122
507
186
666 494
602
336 388
313
454 61
842
647
100
35
610
442
190 163
681 382
609 452
78
798 562
532
576
167
956 273
24
863
740 123
653 478
72 573
796 99
70
769 169
627
816 628
756
139
899
950
402 619
46 582
339 928
515
258
53 759
709 155
181
885 359
963
49 419
294
777
240
505
939
393
804
724
760 789
881 940
889
475 501
549
22
921
185 256
641
908
791
109
722
637 617
377
671
531
682
762 991
23
348
893
834 988
847 571
568 266
739
534 630
938
927 872
718
705 625
523 59
30 482
102 244
363 104
702
170
174
276
546
341 920
840 511
925
456
242 930
461 52
898 108
961 40
564 965
7
504
677
827
880
631 953
654
307 696
65 750
166
771
318 941
420
362
753 545
79 492
888
964
372 86
184
