750
886
673 847
644
100
635 27
959
309
812
969
235
3
820
875
526
693
376 800
213
638
890
483
146 927
998
350 269
26 974
485
539
437 902
944
368 984
443 834
441
150 133
449 321
400
660 427
837 407
701 310
342
878
570
632 227
515
640
323
89
971
187
605
401 798
395 445
360
879 79
674 765
374
914
768
941 563
874
934 717
670 700
192
662 562
610
346
391
12 191
767
83
877
103
6 30
746
154
918 264
207 324
184
840 15
904 55
799
735 129
975
229
955
217
448
70
113
669
905
787
197
602
90
366 581
585 846
499
42
627
964
714 595
315
145
19
827
339 115
681 558
171 144
559
690
743
588
893
159
21
168 749
873 568
679
54 386
881 657
785
265
356
225
815
82 751
580 544
87
863
276
584
712
919 876
652
906
112
979 813
86 543
148
92
579 758
777
784
392 838
410 248
639
683 643
972
379
532
80 545
22
922
43
38
76 200
870
475 524
576
550
413 116
64 355
976
534 609
996 915
266 104
370
983
620 31
419 731
50
495 985
742
71 552
860
656
491
624 661
593
667
102 726
226 408
722
63
139
718
851
460
278
908
48
900
842
268
251
5
901 858
678
647
426 124
814 188
211
655
968 553
931
504
107
331 365
334
530
567
228
67 59
954
716 664
420
336 221
465 571
611
332
193
822
826
470 636
412
178
74
429
684 371
210
896
889
60
733
32 622
654
865
734
791
61 898
804
935
128 882
281
348
687
240
406
989
425
488
671
854
439
24
119 633
275
548 760
326
352
666 88
44 999
286
710 288
459 518
744 535
819
512 884
757
157 805
241
405 147
565
990 686
987
284
389
367
329
468
333
637 341
469 143
205
319
995 182
155 498
296
723
658
672
127
738
560
793 418
617 945
447 117
219
500
481 101
529 94
130 153
728
434 651
776
258
494 246
916 832
598 783
763 69
845
415 244
594
272
533
486
868 172
135
198 126
859
694
540
773 796
404
13
282
109
871 513
387
212
58 471
755
650
169 991
304 428
794 542
478 108
736
149
4
835 615
502
536
299
456
897 345
97 20
314
583 943
606
648
549
831
361
384 291
625 973
7
849
621
93 957
201
369
907
852
808 721
978
713
603 618
769 402
782 57
855
162 825
786
888
62
123 96
811
173 789
283
160 383
457
75
824 853
253 695
351
307 185
280 271
510 806
257 911
614
843
947 988
373 137
254
705 474
479
381
285 958
298
260
267
354
537 422
992
132
604
839
397
704
179
508
394 131
645
940 484
176
493
556
199 628
993 862
377
516
220
970
899
357
497
880
46 262
110
181
574
297 403
256 65
477
752 432
803
274
431
450
821
928 774
569
797 891
322 699
91 51
702
682
490 243
680
340
939
364
487 49
829
994
120
175 444
930 960
836
727
730
209
14
887
190 759
823
982 750
709 659
81
761
462
946 338
223 359
208
255
527 578
691
810 929
872 295
596
56
290 414
933
9
99 455
41
913
325
830
817 920
158 816
308
507
245
316
312
141
912 956
986
45
203
337 0
362
520
464 252
37 476
926
756
66 343
239
166
766
279
809
224 382
186
328
216
349
35
433
53 85
950
631 36
39
174
11
801 566
440
509
753 438
40 668
555
663
696 715
818 883
136
453
909 676
626
649
977 204
303
202
29
353 795
630 273
302
951
923
261
125
910 501
629
748
230
78
292
151 586
962
430
538
869
111
28
195 952
961 398
396
16
313
600 466
77
317
754
232
587 2
677
779
745
864
1
505
152 214
665 572
472
306 703
541
885 577
698 522
775
729
725
646
68 841
416
17
118 547
894 653
708
215 981
140
473
772
764
807
451
503 619
222
573 183
707
347
423
519
84 18
463
287
675 492
247
867
106
616
218 523
924
844
194
442
688
363 206
482 270
489
778
936
762 238
421
242 589
938
557
380
259 231
320
531
599 461
739
189
802
737 770
966
375 409
506
592
967 72
435
52 417
170
963
623
608 980
747
311
948
411
781 95
134 866
237 601
293
719
164
73
613
741
446
301
167
122
294
335 180
8 390
33
895
156 689
921
517 385
514
161 372
454 720
706
196
641
546
780
917
711 828
289 697
965 953
496 685
692
330 932
177
612 521
327 582
724
467
233
300
561
642
833 114
47 236
525 165
771
848
850
436
34
591
857 344
790
856 234
575
138 788
142
792
250 861
634 590
358
740 452
163 458
399 388
942
10 318
23
121
263 105
597
277
732
607 424
305
903 528
949 937
554
25
480
98
997
925
393
551
892 564
378
511 249
