750
274
841 817
692
794 684
978
92
50
348
493
942
144 552
365 115
27 257
362
440
200 413
550
708
315
504
20 808
210
754
43
400
185 256
627
328
829
898 108
790
46 582
730
207 51
240
668 76
585 150
887
538
605
541
712
657 697
715 236
479
21
292
381
405 126
233
352
68 659
799
14
131 995
561
854
581 263
848
948
842
745
721 699
850
287
859
475 501
434 237
992
125
666 494
748
896
549
551
307 696
7
117 660
694
431
472
288 825
944
731 259
97 443
79 492
424 394
839
522 883
771
970
614
705 625
30 482
638
778
323
544 632
467
691
719
855
760 789
208
530
935
187
87
500
368 366
109
314
910 587
249 717
788 781
787
997
6 868
607 321
556
148
861 943
245
462
738
473
139
646
389
89
301
807
311
905
515
165 982
711 384
724
649
241
318 941
421
341 920
529 496
972
488
622 974
322 182
271 376
147 221
775
228
428 345
203
903 306
179
272
174
642
477
490 198
457
143 703
136
133 973
159
755
390 800
869
645
346
371 929
196
435
576
190 163
334
120
979 517
90
828 670
358
830
411
374
180 223
922
329
229
439
130 547
224 871
436
417 958
594
519
815
596
395 295
110
955
247
442
693
820
921
181
727
326
313
57 437
302
520
100
91 572
401 824
508
39
914
526
704
516
220
297 838
332
441
773 449
852
370
24
927 872
756
111
933
540
677
453
75
588
847 571
197
56
373 476
0 512
461 52
284
360
422 253
821
42
13
634 856
563 392
62
706
816 628
937 304
387
936
994
211
880
450
523 59
339 928
707
468
408 474
907
647
65 750
219
225
801 458
734
193
590 683
671
335 32
735 793
451
188 270
893
609 452
34
851
644
860
641
676 912
746
831
336 388
349
681 382
678
141
71 168
555
797 503
83
29
361
397
725
206 909
567
356
161 698
485
325
499
205
316
926
652
402 619
283
589 290
554
291 911
675 44
688
949 269
23
952 752
713
106
216
275
191 674
235
996 542
700 80
135
251
810 749
465 84
779
514
667
296
840 511
112
96 770
317
637 617
286
881 940
231 751
393
924
456
433
113
63
565
1
74
172 124
28
489
255
672
636 128
964
904 580
902 415
899
722
279
194
213
127
710 487
264 577
969
471 837
347
569
309
818 763
217
277
154
814 897
454 61
862 603
406
232
844
761
310 984
682
772
963
480
811
785
199 873
254
398 67
618 981
73
624 805
608 350
919 595
513 466
343 330
889
640
835 601
690
17
209
426 214
243 985
294
536
183 129
166
762 991
509
227 173
744 806
202
558 114
45
98
639
70
537 338
784
687
170
867
9
742
765 399
369
507
300
737 894
546
900
689 175
122
418 846
239
215 146
164
178
653 478
882 248
483
448
729
351
171 285
308
971
470 999
505
72 573
633 262
246 156
895
592
946 337
333
736
78
593
764
782 195
445 15
939
412
956 273
791
777
768
702
776
234 701
4
380
41
11
623
753 545
853 58
506
938
93 2
718
212
222
324 651
409 464
962
102 244
559
281
282
836
305
757
331 226
539
804
803
728
186
631 953
378
66 598
463
265
918 876
669
3
268
425
967 88
447 151
455 252
951
743
714 891
53 759
865
35
925
845
230
49 419
77
931
934 137
766
661 643
732
8 686
533
950
364
532
429
923
621
874
716 31
566 55
293
18 386
908
118 957
679
258
822
95 385
140
662 498
153 204
342
975
966
560
798 562
184
26 37
827
430
152 407
890
983
278
420
611
320
774 695
189
886
298
629
103
54 932
980 578
812
564 965
947 813
658
383 484
864
319
344 673
416
64 327
575
160 857
527 495
602
875
796 99
444 685
312
158 915
597
650
917
299
648
863
655
961 40
355 635
680
987
10 665
60
769 169
833 105
741
176
238 427
353 116
583 726
888
534 630
94 12
780
884 600
85 524
481 620
33
858 521
654
843
469 901
396
242 930
747
177
354
664 518
879 250
192
548 758
990 101
357
834 988
986
570
849
954
48
375 47
626
410 579
107
740 123
149
260
786
906
438 968
998
81
733
446
792
403 138
261
739
142
121
525 993
16
591
267
19
892 69
276
167
568 266
606
723
145
280 82
459 432
423
25
916 612
959
913
613
553 36
885 359
656
201
599 977
22
404
767
119 528
377
497
616
531
709 155
367
535 218
615 414
604
363 104
945 157
379
823
5
460
162 510
976
960 289
610
557
574
826
491
134 866
132
877
870
372 86
720 783
795 543
584
38
802
486
303
878
663
340
989
502
819
832 586
809
391
