750
702
539
103
896
178
250 861
364
936
397
559
918 264
81
316
780
162 825
667
480
448
366 581
620 31
91 51
196
297 403
822
166
576
332
696 715
113
353 795
802
531
247
311
637 341
220
433
640
217
698 522
497
277
606
520
612 521
449 321
507
436
266 104
933
941 563
281
315
897 345
41
478 108
412
575
782 57
195 952
292
378
138 788
679
339 115
560
772
330 932
663
670 700
50
723
278
843
83
519
242 589
914
859
530
514
764
453
741
642
885 577
654
215 981
459 518
532
87
500
97 20
610
626
639
370
168 749
740 452
989
304 428
536
272
777
375 409
26 974
617 945
934 717
875
149
463
174
504
987
912 956
78
907
130 153
245
336 221
61 898
118 547
603 618
380
393
17
71 552
93 957
381
296
352
849
485
894 653
804
579 758
779
293
983
923
119 633
511 249
151 586
706
716 664
574
754
194
996 915
551
16
86 543
588
68 841
431
986
223 359
854
790
635 27
469 143
442
349
125
677
90
22
684 371
62
313
807
961 398
426 124
621
605
202
944
464 252
21
967 72
599 461
671
889
747
506
11
494 246
855
175 444
541
325
787
490 243
201
411
230
239
189
64 355
666 88
823
280 271
401 798
922
877
803
992
776
499
608 980
592
152 214
456
969
950
625 973
546
434 651
921
285 958
139
141
516
163 458
863
299
675 492
820
70
886
678
496 685
968 553
58 471
939
232
176
797 891
865
23
467
808 721
766
924
235
962
13
978
351
10 318
569
66 343
871 513
28
164
887
848
794 542
454 720
205
9
331 365
762 238
611
267
6 30
598 783
935
724
404
222
998
360
660 427
963
745
460
634 590
975
207 324
7
487 49
145
502
43
880
930 960
439
728
99 455
537 422
585 846
259 231
457
314
228
208
704
110
993 862
29
240
905
994
584
512 884
965 953
718
627
261
658
548 760
940 484
711 828
120
140
255
322 699
587 2
300
817 920
368 984
632 227
624 661
730
224 382
53 85
763 69
146 927
604
192
815
396
329
312
649
430
420
550
970
733
54 386
736
785
570
842
379
881 657
203
900
406
423
792
132
489
282
391
916 832
614
482 270
337 0
508
156 689
33
906
597
903 528
644
167
389
470 636
672
860
395 445
265
171 144
525 165
874
198 126
24
845
826
477
839
565
925
652
135
951
890
824 853
526
742
744 535
37 476
25
251
771
895
567
481 101
835 615
801 566
413 116
226 408
878
287
917
767
680
829
669
827
769 402
92
735 129
369
540
737 770
473
46 262
283
693
594
348
707
630 273
354
276
187
479
959
583 943
451
12 191
515
555
286
173 789
892 564
596
257 911
319
623
893
708
673 847
538
441
362
158 816
710 288
197
303
421
373 137
347
45
873 568
181
701 310
757
254
534 609
904 55
52 417
74
483
274
376 800
810 929
77
509
725
753 438
263 105
662 562
768
98
34
743
106
42
241
387
931
186
913
306 703
709 659
495 985
122
844
775
971
237 601
949 937
290 414
136
419 731
159
674 765
831
350 269
656
399 388
212
734
948
374
253 695
112
580 544
169 991
333
714 595
977 204
363 206
326
260
320
814 188
268
48
357
160 383
976
150 133
193
435
216
812
791
4
346
327 582
44 999
691
334
641
102 726
857 344
972
926
819
275
63
738
258
613
3
851
748
154
784
955
942
645
19
556
982 750
692
47 236
966
213
850
305
8 390
852
157 805
170
73
739
309
416
997
462
773 796
705 474
809
361
655
67 59
342
35
607 424
638
394 131
209
400
161 372
307 185
148
755
256 65
84 18
752 432
80 545
340
761
899
646
946 338
732
356
909 676
713
778
908
505
425
38
665 572
517 385
437 902
631 36
529 94
443 834
694
836
184
938
298
799
377
856 234
919 876
450
32 622
190 759
591
486
109
868 172
727
211
722
756
219
177
650
128 882
557
869
475 524
719
491
440
549
328
602
111
294
302
210
107
289 697
867
127
392 838
600 466
729
142
947 988
14
979 813
648
5
786
134 866
901 858
335 180
179
123 96
888
872 295
833 114
527 578
864
199 628
229
121
593
837 407
40 668
447 117
870
218 523
493
429
465 571
910 501
39
811
75
533
647
954
284
840 15
60
308
82 751
317
712
100
89
323
56
367
410 248
746
821
510 806
301
554
472
928 774
503 619
279
681 558
358
690
225
879 79
683 643
1
561
781 95
384 291
682
688
818 883
233
616
990 686
964
405 147
830
415 244
793 418
488
687
468
76 200
629
155 498
446
995 182
573 183
