750
57 437
613
694
383 484
821
356
333
8 686
406
245
622 974
260
217
479
187
507
220
795 543
435
626
293
153 204
34
210
996 542
814 897
971
352
903 306
921
934 137
353 116
633 262
708
537 338
645
609 452
546
675 44
765 399
139
539
74
201
85 524
35
294
769 169
722
983
502
810 749
309
319
823
727
566 55
251
842
62
747
275
378
230
224 871
707
516
292
235
158 915
614
78
966
246 156
397
737 894
243 985
316
862 603
417 958
913
197
990 101
171 285
232
745
746
839
809
962
748
467
791
742
343 330
440
71 168
271 376
895
610
404
880
27 257
520
25
738
650
362
671
354
764
395 295
849
89
964
3
281
644
638
231 751
227 173
13
976
189
585 150
303
460
551
305
892 69
318 941
179
28
725
370
687
959
117 660
94 12
315
914
760 789
255
441
206 909
693
975
46 582
111
342
896
412
634 856
804
490 198
935
786
567
922
469 901
881 940
755
790
10 665
66 598
283
596
450
532
629
341 920
247
658
997
794 684
261
898 108
936
377
719
739
504
103
845
840 511
29
420
41
861 943
505
592
186
867
851
807
963
827
772
363 104
715 236
387
706
369
535 218
692
640
682
713
668 76
771
927 872
367
140
149
118 957
329
583 726
453
870
569
17
607 321
39
264 577
666 494
576
574
885 359
381
181
559
396
91 572
729
538
424 394
556
678
21
233
291 911
276
361
792
323
320
919 595
188 270
787
655
788 781
597
775
762 991
133 973
277
192
355 635
418 846
860
380
280 82
890
680
459 432
194
720 783
282
228
73
989
784
886
819
60
602
311
627
565
167
907
371 929
527 495
606
744 806
106
9
718
548 758
176
22
831
81
208
349
714 891
743
96 770
835 601
534 630
483
410 579
902 415
152 407
480
439
663
946 337
351
978
180 223
972
774 695
300
102 244
648
611
815
470 999
97 443
219
456
721 699
785
688
563 392
127
679
879 250
852
54 932
434 237
834 988
656
486
900
209
444 685
732
773 449
893
368 366
49 419
497
970
68 659
735 793
241
72 573
274
608 350
436
485
159
374
438 968
287
141
308
664 518
593
908
164
677
555
509
560
448
238 427
313
723
364
48
531
779
797 503
390 800
254
754
431
859
591
357
519
132
624 805
550
733
136
401 824
904 580
24
332
328
526
225
590 683
992
832 586
110
402 619
955
122
190 163
847 571
811
513 466
468
833 105
154
56
642
594
564 965
14
389
400
994
500
43
830
768
296
796 99
279
967 88
741
818 763
938
465 84
937 304
196
820
540
310 984
286
347
875
529 496
637 617
372 86
53 759
312
952 752
112
499
365 115
178
172 124
455 252
949 269
826
782 195
581 263
481 620
433
463
422 253
639
649
302
740 123
950
951
79 492
135
408 474
1
405 126
986
423
70
358
174
215 146
905
299
229
421
549
398 67
200 413
882 248
844
451
202
165 982
712
544 632
33
199 873
324 651
533
889
756
728
916 612
672
258
523 59
77
709 155
121
19
646
160 857
933
710 487
322 182
704
426 214
425
702
864
7
379
107
211
917
731 259
446
588
850
803
26 37
239
877
778
730
691
801 458
471 837
829
631 953
557
428 345
884 600
888
447 151
945 157
45
584
272
918 876
724
183 129
863
954
429
615 414
161 698
109
120
477
63
461 52
142
38
662 498
568 266
193
736
6 868
100
393
647
816 628
654
87
90
874
641
676 912
757
267
130 547
148
213
162 510
16
541
716 31
93 2
145
522 883
776
657 697
430
177
948
475 501
170
681 382
442
339 928
334
669
493
344 673
454 61
314
212
83
925
906
761
869
5
667
325
525 993
605
416
836
960 289
828 670
558 114
473
75
65 750
899
185 256
131 995
301
969
216
599 977
979 517
878
553 36
411
942
489
799
777
802
536
589 290
554
700 80
18 386
298
766
798 562
652
855
20 808
268
278
409 464
690
506
4
336 388
205
234 701
848
119 528
998
95 385
373 476
391
462
491
931
858 521
653 478
636 128
92
0 512
30 482
42
604
947 813
23
184
98
265
923
113
561
346
307 696
222
508
853 58
207 51
64 327
618 981
841 817
249 717
472
575
317
887
705 625
457
961 40
734
944
616
926
191 674
780
360
331 226
987
570
530
812
403 138
711 384
340
144 552
621
865
166
284
488
956 273
910 587
203
980 578
125
753 545
939
445 15
514
689 175
375 47
924
134 866
515
288 825
767
326
623
242 930
335 32
147 221
240
822
11
843
661 643
348
854
297 838
143 703
50
