750
286
446
514
450
707
682
536
610
331 226
411
363 104
395 295
43
661 643
271 376
558 114
622 974
884 600
9
315
298
658
460
934 137
878
283
774 695
690
966
291 911
556
890
645
505
689 175
434 237
753 545
821
425
566 55
826
745
672
301
863
267
637 617
887
74
274
713
64 327
904 580
170
550
397
1
840 511
360
979 517
631 953
834 988
472
177
924
85 524
700 80
401 824
715 236
756
535 218
200 413
493
292
188 270
646
835 601
596
485
491
864
144 552
859
544 632
165 982
616
372 86
453
232
918 876
117 660
441
10 665
960 289
322 182
780
66 598
760 789
334
842
678
583 726
568 266
830
367
949 269
422 253
679
925
54 932
6 868
354
644
742
879 250
722
352
594
280 82
733
172 124
296
681 382
83
216
145
110
251
34
668 76
302
308
889
459 432
951
28
767
865
509
502
282
368 366
197
14
680
161 698
771
537 338
429
623
135
160 857
877
154
500
807
593
692
225
526
210
874
927 872
158 915
597
931
451
288 825
342
393
409 464
0 512
860
613
608 350
654
653 478
38
343 330
442
853 58
546
576
888
147 221
456
27 257
902 415
152 407
615 414
708
180 223
7
71 168
346
499
938
963
815
980 578
192
141
972
983
768
794 684
358
764
233
602
462
63
939
786
325
961 40
318 941
748
633 262
553 36
33
723
747
153 204
488
671
839
702
111
81
664 518
710 487
420
737 894
375 47
309
412
515
89
278
936
634 856
791
581 263
176
812
448
344 673
937 304
11
17
371 929
989
531
923
721 699
609 452
649
899
735 793
247
418 846
201
106
261
48
862 603
729
39
675 44
379
374
119 528
947 813
819
241
555
969
424 394
341 920
570
946 337
279
340
475 501
92
818 763
687
187
461 52
942
810 749
166
179
3
854
657 697
167
143 703
590 683
231 751
112
538
405 126
79 492
656
832 586
268
880
642
736
377
554
954
202
21
882 248
46 582
516
803
235
311
663
120
483
746
219
353 116
310 984
140
804
626
265
19
42
652
162 510
724
490 198
463
351
486
898 108
212
316
335 32
328
439
381
471 837
822
588
480
624 805
996 542
220
41
638
436
908
159
264 577
303
816 628
73
22
245
272
565
249 717
739
230
77
567
809
718
950
761
186
228
574
178
539
967 88
215 146
378
776
191 674
454 61
24
667
373 476
365 115
757
886
430
199 873
541
740 123
716 31
561
775
779
540
533
326
103
121
260
987
549
312
799
975
96 770
640
184
933
828 670
688
639
307 696
194
998
762 991
706
402 619
796 99
782 195
709 155
383 484
94 12
246 156
465 84
5
823
529 496
489
497
185 256
357
91 572
349
719
787
734
893
127
575
508
743
467
875
836
208
406
525 993
132
470 999
339 928
275
390 800
90
417 958
391
398 67
534 630
910 587
662 498
336 388
20 808
614
921
18 386
730
971
130 547
892 69
455 252
849
647
506
229
329
276
149
712
72 573
203
313
50
217
777
410 579
389
952 752
885 359
914
53 759
396
820
935
445 15
35
60
227 173
380
479
778
769 169
704
881 940
362
964
447 151
802
922
444 685
711 384
324 651
68 659
992
297 838
655
900
369
916 612
976
650
207 51
224 871
481 620
13
95 385
206 909
364
666 494
970
765 399
421
773 449
833 105
691
319
530
798 562
258
585 150
584
814 897
867
618 981
797 503
997
738
728
507
75
523 59
599 977
118 957
841 817
240
693
896
725
861 943
829
293
23
332
287
243 985
131 995
299
234 701
858 521
408 474
560
527 495
945 157
669
705 625
847 571
423
766
403 138
532
238 427
98
559
962
109
851
956 273
589 290
564 965
694
986
440
93 2
714 891
831
49 419
677
795 543
731 259
519
468
400
855
205
903 306
133 973
785
277
869
754
720 783
629
513 466
404
895
29
361
113
45
919 595
107
827
477
222
211
181
563 392
370
905
193
26 37
254
239
183 129
435
784
209
990 101
4
621
732
100
87
850
870
727
174
433
744 806
557
641
62
25
741
926
317
551
917
300
676 912
790
164
305
504
811
788 781
70
213
97 443
30 482
416
607 321
755
148
801 458
294
56
16
65 750
281
843
845
196
994
959
473
125
906
606
102 244
428 345
139
569
431
142
955
772
355 635
457
171 285
592
648
520
387
78
333
356
136
190 163
591
636 128
347
852
323
948
255
57 437
605
907
438 968
284
189
469 901
604
314
792
8 686
242 930
134 866
426 214
611
913
944
844
320
522 883
122
548 758
978
627
848
348
