750
63
737 770
878
748
994
817 920
296
265
530
573 183
736
496 685
608 980
495 985
213
680
692
335 180
803
175 444
986
285 958
337 0
968 553
232
630 273
207 324
251
361
807
39
352
472
302
625 973
463
29
84 18
993 862
874
181
881 657
641
76 200
373 137
655
64 355
941 563
486
159
605
118 547
872 295
525 165
987
421
587 2
203
99 455
163 458
851
210
464 252
507
478 108
865
574
784
348
493
531
308
387
780
669
746
50
819
174
873 568
508
381
833 114
801 566
61 898
579 758
954
533
331 365
852
81
946 338
70
448
761
969
164
431
744 535
895
121
304 428
734
757
955
662 562
440
297 403
896
640
98
423
351
436
870
997
831
763 69
8 390
885 577
908
479
913
567
863
358
490 243
849
378
972
617 945
10 318
694
369
41
48
526
298
600 466
419 731
40 668
394 131
914
517 385
512 884
691
71 552
675 492
353 795
233
845
867
266 104
710 288
454 720
32 622
894 653
693
366 581
621
681 558
21
47 236
280 271
769 402
551
536
208
557
401 798
362
777
393
354
754
315
728
869
190 759
821
646
843
42
529 94
592
575
959
307 185
647
888
570
684 371
527 578
456
723
13
732
123 96
829
616
226 408
871 513
253 695
554
254
729
671
924
951
950
327 582
78
300
342
4
487 49
610
170
639
624 661
509
594
709 659
548 760
193
199 628
89
823
656
396
505
818 883
141
405 147
313
907
259 231
237 601
857 344
502
982 750
336 221
776
716 664
970
893
511 249
741
666 88
824 853
77
926
430
966
142
166
145
222
274
627
837 407
519
559
718
722
66 343
316
696 715
368 984
480
840 15
136
301
583 943
392 838
299
258
161 372
412
532
457
597
631 36
642
719
665 572
155 498
875
100
60
797 891
773 796
781 95
162 825
785
370
674 765
167
158 816
860
812
917
585 846
467
990 686
930 960
330 932
900
733
772
140
569
727
889
319
848
989
701 310
892 564
357
35
322 699
793 418
755
192
499
905
225
261
965 953
289 697
102 726
868 172
429
629
778
842
485
245
602
877
58 471
928 774
764
367
635 27
613
944
283
215 981
230
279
799
598 783
229
979 813
468
660 427
80 545
34
110
855
9
453
593
887
312
880
3
384 291
607 424
537 422
560
173 789
211
786
711 828
514
242 589
766
591
377
648
713
506
28
677
555
416
494 246
217
611
73
349
859
599 461
510 806
714 595
374
830
808 721
850
138 788
919 876
540
87
216
775
260
410 248
329
934 717
864
538
767
306 703
168 749
446
491
54 386
811
303
179
212
426 124
918 264
395 445
83
447 117
752 432
931
916 832
103
596
947 988
550
983
11
171 144
68 841
886
194
376 800
779
614
5
634 590
469 143
623
314
976
756
473
399 388
835 615
375 409
949 937
565
742
998
792
925
948
334
93 957
278
240
169 991
53 85
740 452
933
967 72
992
541
708
1
75
584
978
810 929
326
196
111
119 633
603 618
90
86 543
489
219
400
433
654
152 214
827
768
620 31
201
520
44 999
604
286
333
247
320
284
961 398
497
257 911
397
434 651
186
500
347
239
730
539
443 834
317
912 956
561
420
844
451
903 528
130 153
364
134 866
856 234
738
897 345
702
325
782 57
503 619
305
7
178
704
350 269
391
964
626
218 523
425
923
939
413 116
224 382
460
346
743
580 544
184
839
6 30
667
415 244
632 227
122
282
356
56
132
822
663
921
139
534 609
922
791
339 115
62
549
256 65
107
290 414
154
482 270
263 105
23
127
936
106
787
276
705 474
470 636
25
645
790
739
437 902
37 476
389
698 522
442
638
411
14
814 188
449 321
747
363 206
942
996 915
45
17
673 847
809
26 974
963
938
899
149
687
439
556
762 238
820
475 524
255
652
150 133
890
311
74
678
909 676
198 126
272
267
724
82 751
16
113
197
649
176
612 521
250 861
481 101
465 571
935
148
52 417
735 129
670 700
576
650
160 383
459 518
962
504
879 79
205
606
546
515
33
157 805
380
672
323
477
706
745
836
128 882
275
753 438
91 51
187
135
804
241
360
683 643
109
406
22
815
281
995 182
268
906
450
690
156 689
854
658
379
794 542
223 359
644
202
588
228
177
97 20
19
516
441
67 59
725
309
151 586
712
294
637 341
235
24
679
340
488
38
904 55
975
92
293
195 952
940 484
901 858
826
112
287
292
707
189
328
483
802
146 927
462
977 204
910 501
971
120
220
277
209
688
435
43
771
682
404
332
46 262
12 191
125
