750
867
935
554
624 661
411
534 609
713
299
282
709 659
585 846
704
831
76 200
283
497
887
660 427
64 355
894 653
596
950
320
335 180
718
620 31
229
138 788
871 513
652
272
16
901 858
738
290 414
74
48
742
892 564
790
222
803
435
393
315
591
287
370
650
969
317
181
863
342
525 165
735 129
3
886
560
711 828
50
482 270
170
429
928 774
331 365
780
389
462
918 264
256 65
5
489
349
667
971
175 444
399 388
496 685
967 72
555
666 88
855
173 789
265
465 571
503 619
748
396
917
500
306 703
725
921
253 695
103
152 214
130 153
529 94
688
739
260
412
737 770
509
450
965 953
294
190 759
184
224 382
196
611
469 143
906
278
37 476
505
216
160 383
793 418
168 749
610
202
162 825
220
550
746
977 204
983
784
670 700
641
32 622
73
690
448
941 563
539
993 862
10 318
68 841
258
514
280 271
766
845
277
923
947 988
460
11
150 133
612 521
818 883
215 981
457
376 800
405 147
804
45
63
329
536
820
384 291
864
637 341
680
677
392 838
340
35
942
873 568
119 633
655
109
251
519
135
107
763 69
316
118 547
494 246
537 422
218 523
233
567
56
357
520
966
561
872 295
447 117
373 137
223 359
899
949 937
631 36
177
47 236
240
792
312
579 758
232
869
614
98
909 676
77
506
205
781 95
897 345
565
835 615
775
176
391
692
583 943
99 455
356
642
588
794 542
78
259 231
449 321
364
809
656
148
358
865
336 221
540
598 783
219
158 816
982 750
756
924
786
34
38
507
442
802
776
481 101
931
406
719
849
303
787
125
736
922
815
753 438
782 57
257 911
100
308
322 699
779
274
890
363 206
374
533
149
714 595
972
916 832
724
19
888
822
333
879 79
145
80 545
239
157 805
740 452
491
210
546
167
439
808 721
495 985
478 108
201
946 338
208
691
556
314
23
211
663
754
979 813
362
192
733
472
198 126
22
645
33
608 980
777
122
431
416
785
933
304 428
684 371
541
26 974
817 920
28
764
400
1
420
799
848
962
279
605
830
121
467
632 227
296
617 945
379
134 866
275
60
881 657
710 288
934 717
592
86 543
430
479
58 471
761
297 403
434 651
41
394 131
368 984
769 402
531
4
380
128 882
209
856 234
178
441
487 49
111
473
354
298
286
877
353 795
151 586
687
132
142
674 765
527 578
919 876
963
926
696 715
854
404
575
267
646
463
325
551
627
24
241
174
217
120
593
940 484
334
139
301
716 664
532
502
451
964
810 929
640
193
419 731
261
814 188
905
885 577
712
821
87
955
171 144
912 956
613
163 458
276
706
195 952
557
436
896
812
908
526
914
744 535
40 668
54 386
228
459 518
996 915
483
607 424
904 55
970
425
263 105
493
762 238
797 891
569
423
375 409
893
755
453
604
468
694
464 252
913
723
729
778
141
654
662 562
951
401 798
127
768
824 853
207 324
305
91 51
995 182
13
741
648
626
576
843
413 116
823
807
352
511 249
669
678
242 589
508
268
415 244
360
757
254
870
878
426 124
319
337 0
97 20
997
635 27
701 310
440
187
944
123 96
475 524
968 553
515
66 343
747
213
986
976
25
307 185
255
743
106
203
994
367
599 461
454 720
112
559
639
81
326
827
616
62
859
833 114
44 999
638
683 643
281
477
829
819
159
490 243
75
573 183
649
874
347
21
323
665 572
621
708
161 372
504
910 501
293
990 686
672
634 590
348
629
250 861
186
480
903 528
266 104
350 269
850
698 522
730
42
880
67 59
361
366 581
584
682
14
978
378
516
889
410 248
597
875
673 847
421
647
194
136
82 751
992
197
92
302
868 172
377
369
446
8 390
284
156 689
602
600 466
938
844
53 85
675 492
772
570
437 902
954
155 498
936
166
330 932
346
900
930 960
93 957
285 958
852
300
351
836
470 636
989
658
548 760
623
925
510 806
517 385
17
693
625 973
235
671
722
987
488
113
29
110
705 474
630 273
811
801 566
199 628
606
512 884
52 417
574
102 726
791
603 618
237 601
84 18
179
433
860
39
46 262
247
164
549
189
289 697
895
397
12 191
43
140
225
146 927
959
230
732
6 30
387
839
975
702
998
245
644
9
212
773 796
328
767
90
226 408
752 432
587 2
734
313
961 398
580 544
339 115
485
594
71 552
499
89
727
292
61 898
745
327 582
83
538
70
728
842
530
311
456
907
707
381
309
332
679
857 344
169 991
681 558
837 407
939
840 15
771
486
826
395 445
7
443 834
948
154
851
