750
832 586
847 571
785
618 981
795 543
605
791
186
364
738
559
882 248
844
621
351
775
122
9
509
426 214
560
895
329
823
649
842
949 269
816 628
734
776
158 915
826
372 86
276
0 512
609 452
459 432
792
615 414
599 977
401 824
65 750
94 12
525 993
66 598
387
298
633 262
46 582
890
357
902 415
369
457
79 492
754
910 587
107
141
869
176
347
969
83
687
544 632
986
358
254
355 635
504
756
784
292
201
95 385
667
187
765 399
288 825
708
326
412
465 84
35
978
593
691
436
448
923
831
561
676 912
757
546
644
238 427
406
398 67
875
849
309
120
222
77
862 603
646
566 55
417 958
91 572
918 876
947 813
712
889
529 496
127
508
898 108
769 169
152 407
180 223
839
780
919 595
836
950
396
851
27 257
1
60
970
983
53 759
447 151
539
30 482
477
112
998
680
952 752
809
423
502
822
485
778
493
888
353 116
516
588
349
764
228
719
740 123
165 982
924
840 511
548 758
430
473
323
658
760 789
299
159
378
166
917
241
87
409 464
278
951
893
536
196
515
608 350
799
296
424 394
183 129
282
411
668 76
637 617
727
475 501
739
10 665
761
284
395 295
730
535 218
368 366
431
693
142
375 47
189
714 891
782 195
242 930
604
497
281
689 175
21
463
884 600
308
652
936
834 988
829
361
54 932
29
962
354
705 625
624 805
522 883
835 601
848
613
704
961 40
71 168
640
527 495
802
287
279
798 562
568 266
167
927 872
967 88
356
627
231 751
7
313
796 99
722
235
339 928
42
500
389
64 327
318 941
513 466
584
18 386
860
551
81
117 660
193
989
207 51
293
741
246 156
746
444 685
797 503
682
841 817
812
274
864
110
224 871
514
294
623
648
886
937 304
202
190 163
992
19
62
148
4
996 542
591
481 620
878
555
990 101
964
954
209
435
70
272
855
505
455 252
507
774 695
144 552
653 478
616
732
557
404
43
72 573
408 474
247
154
22
49 419
320
373 476
636 128
402 619
251
454 61
971
352
742
576
119 528
678
916 612
171 285
469 901
331 226
938
711 384
590 683
554
467
939
93 2
75
731 259
531
24
147 221
611
811
446
735 793
260
297 838
859
92
762 991
787
390 800
672
362
755
629
74
490 198
50
818 763
931
132
987
302
205
549
537 338
197
6 868
753 545
170
199 873
581 263
26 37
997
681 382
602
213
852
418 846
96 770
550
34
102 244
428 345
960 289
425
370
56
523 59
533
13
429
25
381
312
255
48
563 392
821
892 69
188 270
614
310 984
440
725
325
316
371 929
160 857
865
360
332
334
143 703
622 974
558 114
468
820
553 36
479
227 173
456
499
729
33
162 510
211
315
976
336 388
264 577
532
815
662 498
391
631 953
830
728
914
814 897
78
885 359
342
899
317
11
174
106
191 674
777
489
661 643
438 968
178
68 659
333
827
694
663
639
434 237
945 157
212
393
565
229
258
206 909
723
90
942
634 856
203
135
450
538
975
433
772
526
139
716 31
903 306
574
377
767
111
874
363 104
647
710 487
926
585 150
679
828 670
208
858 521
340
472
896
233
700 80
596
908
720 783
441
592
610
286
461 52
422 253
85 524
702
794 684
745
715 236
845
706
575
483
134 866
291 911
311
200 413
810 749
724
23
185 256
913
807
657 697
217
118 957
766
853 58
265
136
416
675 44
779
172 124
184
642
905
319
314
245
113
153 204
28
149
594
907
400
8 686
344 673
556
271 376
5
666 494
328
972
744 806
803
335 32
850
963
904 580
833 105
650
219
73
747
900
57 437
530
267
14
645
583 726
161 698
944
589 290
956 273
788 781
97 443
688
164
343 330
303
654
322 182
133 973
109
567
480
790
748
460
935
89
959
671
491
145
541
181
365 115
955
861 943
564 965
230
20 808
346
743
606
131 995
801 458
879 250
641
100
220
38
453
707
669
348
607 321
736
921
804
488
232
405 126
733
771
870
216
307 696
239
867
854
569
713
638
439
194
880
966
737 894
324 651
367
16
240
570
462
906
300
506
379
819
442
403 138
249 717
17
215 146
280 82
451
925
283
773 449
877
341 920
933
374
664 518
383 484
922
421
397
125
121
179
225
994
519
470 999
534 630
380
445 15
268
192
243 985
98
63
261
275
210
721 699
863
103
709 155
45
692
656
3
140
979 517
41
946 337
39
881 940
177
597
234 701
486
887
934 137
626
410 579
540
305
520
768
677
130 547
420
277
980 578
948
471 837
655
718
843
301
690
786
