750
887
532
607 424
268
213
80 545
899
842
782 57
533
735 129
5
986
764
812
794 542
277
499
245
305
705 474
431
975
361
73
625 973
423
360
10 318
420
757
785
145
256 65
19
201
857 344
811
550
515
315
48
198 126
723
680
635 27
944
259 231
459 518
905
666 88
647
187
708
551
157 805
739
314
467
541
443 834
630 273
928 774
158 816
134 866
275
584
93 957
178
395 445
162 825
112
970
437 902
250 861
881 657
195 952
687
4
328
873 568
616
818 883
373 137
401 798
646
159
837 407
477
207 324
992
67 59
855
906
140
194
701 310
327 582
926
102 726
711 828
136
520
665 572
612 521
778
33
298
87
914
156 689
233
673 847
792
784
810 929
464 252
391
936
867
493
374
776
767
729
684 371
242 589
47 236
470 636
707
580 544
222
34
787
179
167
790
691
176
220
766
488
900
317
655
733
909 676
671
696 715
411
468
171 144
212
500
621
769 402
8 390
400
642
62
223 359
886
289 697
641
405 147
597
771
639
530
864
938
103
754
531
32 622
71 552
478 108
211
267
240
614
954
367
569
64 355
730
868 172
312
951
329
856 234
603 618
276
611
119 633
682
132
128 882
173 789
41
606
160 383
634 590
265
613
740 452
918 264
90
807
565
989
644
419 731
29
667
831
901 858
25
89
604
120
728
573 183
356
257 911
487 49
694
845
11
688
587 2
380
538
840 15
698 522
878
239
1
556
836
258
793 418
949 937
52 417
895
670 700
640
979 813
413 116
748
111
921
817 920
76 200
348
135
384 291
623
50
225
339 115
331 365
190 759
755
801 566
859
68 841
53 85
786
364
923
602
869
510 806
166
593
229
333
479
429
433
441
358
110
761
560
235
175 444
83
803
151 586
6 30
311
38
877
308
375 409
747
447 117
704
894 653
822
505
334
109
978
77
987
181
702
86 543
370
216
555
35
138 788
904 55
362
279
287
808 721
486
410 248
896
737 770
675 492
450
462
13
149
369
875
442
237 601
961 398
274
827
848
127
451
196
28
98
871 513
910 501
983
626
948
495 985
387
281
174
888
456
681 558
897 345
44 999
472
977 204
152 214
379
84 18
781 95
74
241
967 72
557
727
415 244
993 862
947 988
912 956
959
519
146 927
39
674 765
347
990 686
16
889
323
799
579 758
652
278
968 553
662 562
184
78
917
913
969
638
61 898
890
336 221
440
779
632 227
741
421
995 182
351
663
376 800
394 131
496 685
908
690
516
113
346
746
465 571
849
773 796
469 143
46 262
627
485
962
313
217
186
561
713
865
503 619
205
517 385
168 749
536
155 498
768
762 238
247
772
449 321
964
725
170
843
559
645
368 984
815
81
297 403
946 338
931
209
224 382
514
426 124
839
304 428
830
3
283
122
649
835 615
824 853
97 20
99 455
823
534 609
724
549
118 547
363 206
141
600 466
809
826
753 438
863
286
482 270
107
546
306 703
148
620 31
453
142
396
709 659
971
955
228
511 249
210
352
202
718
230
997
903 528
610
592
322 699
506
734
91 51
218 523
965 953
924
851
722
254
509
192
307 185
491
598 783
292
712
330 932
916 832
669
599 461
802
780
982 750
139
349
736
654
719
648
650
507
189
930 960
879 79
199 628
282
854
439
972
406
504
23
483
7
526
880
870
316
529 94
75
251
226 408
9
527 578
169 991
197
255
54 386
45
177
326
22
777
457
435
714 595
548 760
260
732
460
381
583 943
935
82 751
253 695
393
266 104
679
208
219
14
804
100
293
150 133
820
756
448
123 96
480
193
290 414
294
860
791
342
539
416
404
154
998
446
637 341
617 945
819
821
350 269
42
502
554
833 114
125
63
797 891
706
829
17
763 69
940 484
850
164
26 974
473
106
300
463
907
163 458
12 191
942
677
994
60
605
43
525 165
58 471
743
678
752 432
261
24
872 295
161 372
263 105
570
537 422
436
852
319
130 153
692
489
301
874
296
966
624 661
950
567
392 838
540
425
121
309
574
941 563
885 577
497
353 795
92
40 668
481 101
710 288
303
378
631 36
357
745
744 535
335 180
658
575
933
656
430
925
320
976
922
919 876
629
412
354
70
37 476
215 981
56
596
693
232
716 664
399 388
434 651
366 581
302
939
742
591
280 271
203
66 343
672
299
660 427
738
683 643
588
892 564
325
284
893
775
475 524
337 0
377
389
508
340
512 884
594
490 243
454 720
814 188
996 915
844
494 246
585 846
397
272
963
285 958
21
332
608 980
576
934 717
