750
247
491
493
848
722
972
23
179
593
22
812
39
893
995 182
433
350 269
906
921
152 214
178
660 427
464 252
449 321
164
600 466
363 206
468
170
797 891
379
304 428
894 653
623
411
517 385
890
166
301
962
583 943
737 770
335 180
941 563
909 676
502
93 957
396
529 94
559
251
420
163 458
103
254
267
822
239
551
860
107
959
674 765
652
727
775
208
253 695
176
514
297 403
473
907
899
889
58 471
66 343
989
768
617 945
47 236
761
472
868 172
302
10 318
656
376 800
560
748
896
538
606
639
494 246
511 249
353 795
594
576
786
419 731
512 884
710 288
557
878
33
654
228
212
739
154
162 825
332
707
504
519
801 566
782 57
963
561
313
475 524
194
218 523
75
877
856 234
611
364
818 883
287
250 861
45
904 55
994
159
565
867
340
781 95
871 513
986
361
735 129
608 980
479
740 452
776
926
515
769 402
802
807
184
426 124
481 101
440
719
863
434 651
706
702
655
401 798
90
24
505
881 657
3
413 116
663
333
13
168 749
682
810 929
326
80 545
830
637 341
225
885 577
113
794 542
193
202
537 422
173 789
900
177
998
423
741
723
497
351
87
410 248
724
32 622
366 581
181
457
691
224 382
334
887
319
5
673 847
370
603 618
199 628
245
992
463
627
280 271
743
854
82 751
632 227
460
732
905
747
804
754
975
669
574
539
976
763 69
112
792
213
446
431
465 571
139
591
232
450
649
820
791
171 144
778
289 697
406
527 578
276
219
68 841
892 564
634 590
322 699
439
470 636
677
84 18
216
40 668
913
859
683 643
67 59
230
356
436
690
678
266 104
29
923
949 937
41
118 547
665 572
964
393
362
17
358
785
971
207 324
211
110
279
500
86 543
42
373 137
629
346
869
76 200
14
556
441
672
99 455
675 492
360
990 686
670 700
925
752 432
772
282
100
375 409
970
819
978
315
77
38
142
767
917
352
60
784
647
662 562
448
753 438
331 365
967 72
412
62
387
21
870
467
339 115
130 153
714 595
482 270
220
416
169 991
397
946 338
650
123 96
323
951
993 862
635 27
780
102 726
91 51
873 568
762 238
157 805
694
109
693
275
872 295
1
534 609
265
987
809
368 984
451
573 183
733
605
833 114
588
912 956
746
718
320
938
6 30
698 522
241
83
357
536
186
127
607 424
201
381
705 474
317
811
155 498
924
121
713
875
965 953
459 518
738
874
554
122
61 898
626
309
950
509
620 31
880
328
936
684 371
429
258
730
98
516
602
640
125
405 147
641
192
240
150 133
299
8 390
939
119 633
454 720
268
415 244
43
625 973
488
496 685
456
54 386
555
156 689
903 528
821
579 758
934 717
955
11
52 417
533
174
296
305
453
499
844
966
803
510 806
197
997
167
395 445
532
380
596
226 408
764
158 816
78
120
567
613
308
209
901 858
569
367
599 461
306 703
134 866
307 185
485
489
16
478 108
347
274
377
64 355
814 188
71 552
688
175 444
546
145
610
74
242 589
312
530
849
506
839
716 664
12 191
879 79
442
477
48
469 143
233
692
198 126
292
728
349
9
314
290 414
160 383
7
850
259 231
277
354
624 661
548 760
982 750
817 920
919 876
293
584
933
337 0
189
888
916 832
621
384 291
70
389
914
4
128 882
92
435
223 359
425
947 988
931
835 615
922
910 501
667
56
865
712
827
631 36
666 88
851
256 65
261
138 788
979 813
19
681 558
855
575
725
490 243
942
742
46 262
604
348
541
614
983
437 902
394 131
837 407
977 204
507
272
374
930 960
996 915
26 974
462
327 582
447 117
303
342
645
729
826
836
325
430
918 264
897 345
857 344
329
257 911
330 932
779
25
229
756
34
864
771
766
210
97 20
283
44 999
369
842
294
671
696 715
28
886
278
132
642
895
961 398
483
829
790
540
968 553
53 85
701 310
404
630 273
205
679
316
793 418
852
808 721
709 659
648
580 544
508
298
399 388
480
135
773 796
755
203
421
63
400
148
935
531
815
799
680
300
616
736
486
744 535
286
81
948
711 828
190 759
195 952
954
281
151 586
140
831
311
592
111
391
824 853
969
222
217
284
585 846
704
89
35
549
187
526
570
840 15
141
550
149
378
587 2
255
638
612 521
777
757
50
845
136
392 838
237 601
487 49
944
687
196
597
928 774
708
73
215 981
940 484
235
843
263 105
443 834
520
495 985
644
146 927
734
161 372
106
525 165
598 783
646
908
787
336 221
658
260
37 476
823
503 619
285 958
745
