750
959
479
73
540
650
493
845
998
24
663
261
162 825
539
190 759
951
748
336 221
506
43
654
670 700
106
98
755
217
848
729
356
975
946 338
895
548 760
791
66 343
215 981
631 36
997
319
503 619
175 444
487 49
50
481 101
374
210
325
704
303
658
922
512 884
19
170
741
362
212
809
44 999
441
349
454 720
56
265
919 876
92
167
447 117
541
505
494 246
48
961 398
716 664
218 523
290 414
696 715
970
833 114
293
810 929
226 408
965 953
516
25
440
272
986
549
229
296
935
83
485
274
489
836
334
9
13
621
746
532
910 501
145
669
814 188
233
536
12 191
692
821
627
68 841
583 943
120
849
453
613
987
801 566
648
623
77
123 96
519
254
771
378
930 960
817 920
379
76 200
29
871 513
909 676
714 595
907
139
933
829
868 172
107
160 383
869
691
753 438
604
136
189
597
435
675 492
626
964
632 227
360
364
673 847
46 262
852
420
205
311
482 270
596
567
666 88
950
706
777
880
16
380
894 653
530
141
93 957
309
81
735 129
142
682
740 452
837 407
186
302
456
370
430
612 521
437 902
305
53 85
525 165
282
538
725
645
491
193
313
497
508
599 461
134 866
754
280 271
785
34
611
222
781 95
667
681 558
835 615
45
812
377
220
865
358
736
28
757
255
89
936
890
192
463
339 115
150 133
745
779
924
584
425
256 65
39
850
969
389
855
168 749
399 388
198 126
284
546
350 269
331 365
230
335 180
100
423
531
395 445
4
478 108
763 69
602
709 659
616
179
914
734
381
369
752 432
607 424
434 651
719
443 834
625 973
194
35
251
870
509
655
281
707
776
426 124
971
881 657
260
808 721
797 891
819
460
762 238
171 144
641
228
348
588
277
872 295
878
994
328
874
119 633
864
26 974
465 571
396
526
561
245
968 553
556
152 214
197
942
406
138 788
312
629
896
727
207 324
357
163 458
166
684 371
317
87
906
74
448
352
820
767
511 249
555
202
86 543
592
635 27
130 153
680
224 382
899
223 359
934 717
705 474
502
827
897 345
431
300
294
82 751
155 498
947 988
41
203
367
196
591
301
761
638
37 476
216
722
347
794 542
976
803
913
931
851
42
496 685
579 758
337 0
375 409
268
154
728
297 403
433
442
140
515
266 104
11
775
768
639
477
912 956
10 318
54 386
393
967 72
949 937
464 252
473
112
918 264
983
184
80 545
992
346
856 234
125
6 30
610
436
500
694
33
557
723
401 798
451
921
744 535
962
978
925
605
606
742
620 31
400
263 105
299
232
177
756
278
354
743
732
135
982 750
527 578
550
157 805
917
279
258
839
99 455
3
411
75
660 427
195 952
404
517 385
480
446
111
823
772
450
121
488
842
954
209
739
306 703
972
483
298
308
240
886
893
892 564
472
23
156 689
1
376 800
963
977 204
860
843
630 273
113
103
468
158 816
32 622
173 789
948
40 668
811
283
275
593
603 618
276
989
574
151 586
499
373 137
600 466
366 581
877
323
237 601
164
320
67 59
916 832
17
677
384 291
769 402
421
938
565
64 355
693
332
415 244
495 985
213
392 838
576
208
646
712
533
617 945
176
429
786
187
211
368 984
815
614
363 206
132
802
90
702
708
867
329
857 344
678
656
995 182
537 422
701 310
5
764
698 522
575
7
78
242 589
939
118 547
225
903 528
679
554
534 609
253 695
353 795
342
58 471
361
804
665 572
504
128 882
475 524
640
713
831
580 544
529 94
469 143
608 980
449 321
822
710 288
146 927
394 131
457
652
287
928 774
149
688
84 18
181
510 806
292
551
941 563
900
71 552
560
63
784
642
573 183
97 20
966
514
634 590
322 699
241
61 898
259 231
738
644
766
520
161 372
993 862
439
747
637 341
711 828
830
410 248
257 911
598 783
844
888
470 636
22
174
159
490 243
14
926
21
730
885 577
387
412
326
955
91 51
687
672
690
990 686
459 518
923
826
624 661
559
289 697
52 417
840 15
462
178
307 185
199 628
647
38
904 55
416
507
60
889
824 853
901 858
724
940 484
127
594
905
790
413 116
649
70
247
587 2
908
569
944
662 562
316
787
286
887
773 796
315
250 861
8 390
818 883
683 643
109
405 147
419 731
285 958
327 582
854
780
239
351
674 765
122
792
62
782 57
47 236
979 813
333
330 932
807
304 428
875
793 418
201
718
778
148
169 991
391
585 846
733
996 915
267
799
570
873 568
671
397
235
314
102 726
340
859
467
110
863
219
879 79
486
737 770
