750
53 759
530
508
888
853 58
140
416
70
704
54 932
60
352
823
727
925
73
192
792
22
516
804
368 366
436
27 257
645
655
211
754
393
293
640
769 169
479
341 920
233
395 295
499
772
405 126
842
948
744 806
172 124
74
519
489
798 562
428 345
827
899
574
278
300
409 464
174
820
791
565
271 376
718
608 350
417 958
830
623
862 603
675 44
680
753 545
969
719
778
802
544 632
738
700 80
870
374
442
184
867
541
624 805
790
491
7
469 901
861 943
267
33
644
656
715 236
908
426 214
967 88
787
874
277
833 105
706
878
64 327
581 263
558 114
16
933
596
363 104
736
951
960 289
525 993
529 496
734
549
28
889
171 285
457
282
299
23
25
348
113
563 392
379
710 487
309
418 846
444 685
365 115
381
515
89
412
814 897
689 175
403 138
914
822
626
858 521
765 399
332
550
551
186
975
583 726
312
387
328
713
153 204
649
513 466
326
122
106
145
742
663
243 985
228
950
308
634 856
564 965
570
799
445 15
473
509
161 698
996 542
839
666 494
264 577
875
62
979 517
989
664 518
788 781
364
148
303
729
609 452
294
520
779
302
240
50
468
599 977
83
316
38
441
406
854
480
254
189
100
946 337
745
329
712
255
534 630
334
373 476
313
208
821
103
112
224 871
143 703
627
94 12
671
45
166
375 47
56
711 384
569
803
904 580
49 419
360
949 269
677
714 891
576
97 443
887
13
63
589 290
708
907
390 800
709 155
356
818 763
324 651
616
771
339 928
261
898 108
133 973
439
283
983
859
219
357
493
707
721 699
633 262
647
463
533
81
346
446
812
526
944
567
917
927 872
18 386
85 524
310 984
869
956 273
835 601
723
747
347
65 750
424 394
924
998
964
325
98
75
102 244
34
561
41
845
893
318 941
761
796 99
688
936
807
997
741
48
433
966
411
377
456
455 252
68 659
879 250
514
540
486
90
523 59
1
401 824
39
21
402 619
319
95 385
292
650
776
91 572
454 61
762 991
213
238 427
14
141
239
732
349
692
900
215 146
119 528
532
372 86
662 498
840 511
970
841 817
46 582
568 266
855
681 382
164
459 432
177
942
679
431
247
886
646
795 543
193
585 150
265
245
107
434 237
485
773 449
829
24
160 857
144 552
774 695
475 501
913
139
962
202
621
614
279
881 940
72 573
152 407
320
222
194
176
147 221
638
272
170
362
733
604
637 617
611
331 226
227 173
678
179
206 909
453
794 684
849
755
642
945 157
125
314
57 437
225
297 838
322 182
826
461 52
35
340
281
154
605
939
546
537 338
216
435
207 51
815
438 968
654
158 915
768
465 84
180 223
906
739
188 270
291 911
93 2
229
937 304
212
672
743
92
10 665
258
470 999
351
136
131 995
910 587
971
200 413
850
400
522 883
980 578
694
190 163
797 503
197
961 40
232
832 586
3
448
315
275
557
471 837
852
863
972
29
884 600
622 974
702
201
42
380
187
555
43
230
286
305
342
931
355 635
423
488
66 598
451
682
777
843
834 988
847 571
234 701
408 474
358
178
506
422 253
389
693
575
731 259
559
183 129
181
606
947 813
467
831
896
926
205
880
527 495
538
220
209
210
78
809
288 825
425
440
819
87
378
740 123
531
191 674
539
593
404
398 67
902 415
0 512
895
994
235
199 873
780
298
725
766
667
607 321
748
251
536
134 866
594
584
165 982
396
490 198
159
669
127
117 660
500
591
592
276
851
477
421
566 55
20 808
504
462
705 625
354
610
333
502
691
8 686
343 330
507
246 156
811
383 484
746
317
629
284
767
959
361
955
952 752
142
553 36
149
30 482
641
737 894
26 37
877
296
615 414
241
430
11
613
397
865
690
636 128
79 492
353 116
882 248
19
9
77
764
249 717
483
661 643
367
280 82
976
410 579
784
268
735 793
167
505
986
371 929
590 683
722
687
450
121
130 547
848
560
71 168
916 612
162 510
786
923
963
639
260
836
370
554
110
420
844
336 388
548 758
588
724
864
810 749
17
728
954
631 953
775
860
668 76
118 957
720 783
132
892 69
120
217
311
903 306
618 981
307 696
828 670
472
602
597
556
497
369
231 751
757
185 256
756
653 478
922
801 458
676 912
978
938
6 868
111
657 697
447 151
5
287
987
934 137
429
919 595
301
4
760 789
335 32
481 620
648
921
785
344 673
652
816 628
196
391
274
96 770
730
782 195
242 930
935
885 359
658
905
109
890
460
990 101
992
135
323
716 31
535 218
918 876
203
