750
637 617
505
356
292
864
109
465 84
922
225
554
159
610
441
520
723
397
352
21
387
323
121
206 909
480
605
778
308
297 838
657 697
972
728
118 957
738
951
412
769 169
456
299
403 138
100
839
191 674
89
544 632
430
410 579
489
111
757
814 897
661 643
158 915
196
296
787
804
877
989
959
588
176
842
127
553 36
154
803
859
422 253
119 528
780
229
735 793
499
919 595
710 487
131 995
110
245
835 601
247
949 269
504
881 940
583 726
705 625
709 155
490 198
754
676 912
268
865
875
946 337
708
680
827
377
39
590 683
952 752
106
24
179
775
540
298
205
523 59
743
855
822
862 603
477
863
559
575
707
70
130 547
668 76
711 384
675 44
41
869
826
485
211
315
183 129
918 876
931
627
421
125
380
166
729
453
349
736
267
87
383 484
71 168
305
986
820
375 47
439
251
624 805
277
532
609 452
22
62
213
317
908
994
861 943
96 770
57 437
509
760 789
66 598
133 973
291 911
497
654
784
18 386
796 99
199 873
325
207 51
467
616
967 88
20 808
712
626
73
541
840 511
472
438 968
8 686
560
258
719
990 101
301
596
526
568 266
706
889
194
537 338
761
996 542
898 108
574
791
689 175
46 582
666 494
718
25
833 105
331 226
656
602
766
143 703
181
446
75
334
714 891
667
184
241
531
902 415
799
921
294
134 866
217
970
355 635
962
821
344 673
142
687
721 699
77
117 660
310 984
78
222
983
527 495
536
19
83
830
971
391
969
576
506
702
845
435
64 327
841 817
239
463
102 244
140
342
56
647
607 321
454 61
219
913
939
362
645
353 116
303
351
145
589 290
201
364
704
966
264 577
411
810 749
644
882 248
585 150
208
98
807
265
445 15
153 204
48
584
192
963
170
694
224 871
681 382
678
551
903 306
335 32
948
381
14
546
768
401 824
852
691
43
715 236
980 578
281
652
286
81
742
120
63
139
174
688
690
916 612
725
565
905
34
136
216
409 464
374
713
65 750
17
998
987
324 651
260
631 953
361
634 856
917
72 573
664 518
937 304
992
720 783
343 330
434 237
812
197
858 521
802
271 376
956 273
850
322 182
455 252
395 295
731 259
360
550
925
471 837
240
976
300
320
425
836
785
648
904 580
164
767
442
261
177
764
700 80
779
733
203
328
16
234 701
279
103
819
640
160 857
13
202
488
530
187
479
747
444 685
215 146
284
347
682
357
679
592
774 695
148
960 289
326
997
563 392
144 552
870
193
45
955
243 985
417 958
615 414
816 628
147 221
398 67
416
564 965
33
186
461 52
874
786
798 562
418 846
358
834 988
507
92
744 806
832 586
6 868
238 427
27 257
936
336 388
549
209
727
389
390 800
638
93 2
275
433
332
895
35
475 501
649
765 399
440
629
502
533
844
311
68 659
500
945 157
370
655
460
162 510
818 763
756
97 443
230
899
210
556
829
232
7
112
831
636 128
790
493
811
745
53 759
900
893
473
167
368 366
851
180 223
426 214
122
944
95 385
481 620
730
420
843
692
363 104
246 156
60
924
431
884 600
515
428 345
212
309
190 163
178
5
457
854
402 619
907
469 901
90
408 474
622 974
470 999
94 12
740 123
379
663
483
228
722
513 466
954
346
189
548 758
848
732
113
329
606
734
581 263
283
369
339 928
672
516
896
849
200 413
424 394
371 929
599 977
3
788 781
867
302
447 151
220
107
11
74
288 825
10 665
519
776
886
491
49 419
658
555
525 993
54 932
777
313
677
1
468
947 813
782 195
653 478
274
333
280 82
242 930
926
9
165 982
486
570
792
135
459 432
316
878
906
278
938
318 941
429
378
188 270
161 698
762 991
642
448
739
880
534 630
354
567
235
535 218
396
0 512
38
85 524
406
172 124
934 137
650
950
185 256
373 476
319
641
815
633 262
942
508
314
890
450
737 894
254
853 58
892 69
910 587
828 670
771
293
621
79 492
847 571
611
964
823
569
255
741
400
529 496
561
307 696
29
755
961 40
132
312
42
795 543
801 458
746
30 482
405 126
888
231 751
669
23
149
594
794 684
772
287
367
748
538
753 545
935
860
50
716 31
4
566 55
623
393
451
26 37
276
227 173
249 717
522 883
171 285
514
152 407
341 920
604
462
593
557
724
618 981
975
591
272
91 572
141
885 359
979 517
809
28
914
348
340
671
233
539
933
773 449
372 86
978
404
613
282
365 115
887
597
423
927 872
436
558 114
639
879 250
797 503
608 350
923
614
693
662 498
646
