750
448
529 496
291 911
559
844
816 628
324 651
722
669
764
75
428 345
951
197
455 252
303
483
835 601
454 61
343 330
678
720 783
945 157
45
852
255
87
599 977
950
247
243 985
280 82
411
355 635
916 612
342
139
3
417 958
980 578
232
81
921
771
141
461 52
719
364
792
575
994
372 86
831
962
705 625
990 101
246 156
429
347
845
410 579
140
798 562
527 495
971
352
29
297 838
666 494
733
744 806
258
176
4
740 123
583 726
479
390 800
787
986
383 484
313
839
212
125
727
500
130 547
905
339 928
416
94 12
913
180 223
161 698
299
647
462
637 617
481 620
691
549
361
288 825
523 59
162 510
865
738
145
847 571
164
272
829
434 237
395 295
28
711 384
22
855
325
132
220
904 580
109
734
159
803
279
274
54 932
149
360
532
499
412
574
679
261
349
893
485
239
6 868
192
769 169
21
919 595
721 699
565
653 478
799
634 856
268
942
426 214
33
49 419
836
925
654
534 630
208
238 427
72 573
368 366
278
748
667
700 80
19
230
833 105
444 685
398 67
205
737 894
211
240
465 84
564 965
712
184
556
424 394
657 697
963
558 114
401 824
131 995
446
473
307 696
567
93 2
311
987
431
757
95 385
755
357
753 545
127
118 957
121
39
516
106
592
281
319
931
955
631 953
365 115
519
887
795 543
898 108
710 487
469 901
739
907
90
848
283
165 982
890
591
797 503
858 521
729
396
50
652
193
610
537 338
640
842
178
472
735 793
780
181
122
886
445 15
728
819
979 517
53 759
43
814 897
351
775
581 263
832 586
79 492
633 262
828 670
627
30 482
89
841 817
689 175
100
541
78
608 350
879 250
488
859
895
310 984
85 524
525 993
889
638
490 198
522 883
702
254
463
312
514
110
526
785
716 31
441
353 116
170
639
200 413
812
38
878
418 846
706
779
107
397
20 808
309
693
576
776
300
335 32
970
539
381
142
201
723
63
373 476
834 988
827
900
438 968
333
998
766
206 909
235
790
183 129
293
694
690
48
707
760 789
849
597
649
553 36
314
60
450
245
153 204
64 327
111
467
387
843
341 920
933
530
969
287
277
818 763
298
569
331 226
513 466
508
972
160 857
435
340
681 382
251
585 150
602
506
332
16
786
715 236
317
17
568 266
18 386
186
167
611
8 686
672
144 552
328
191 674
477
10 665
648
83
409 464
815
623
927 872
952 752
641
336 388
811
457
234 701
767
782 195
796 99
408 474
185 256
908
540
756
680
956 273
870
688
308
606
566 55
322 182
926
215 146
531
850
119 528
497
996 542
42
56
25
62
840 511
420
949 269
704
425
367
646
172 124
642
249 717
34
379
896
854
375 47
664 518
544 632
546
881 940
91 572
936
560
276
451
917
869
934 137
370
823
550
884 600
199 873
231 751
493
507
822
66 598
380
171 285
468
826
209
210
741
761
271 376
284
369
229
885 359
470 999
286
260
318 941
851
292
421
363 104
863
614
378
23
708
228
605
746
967 88
593
677
233
675 44
422 253
964
102 244
992
143 703
315
346
645
135
918 876
862 603
718
217
65 750
536
92
923
402 619
35
320
594
938
433
774 695
190 163
194
377
661 643
989
509
334
791
406
264 577
902 415
754
97 443
77
316
860
442
743
778
807
939
954
777
456
676 912
96 770
607 321
188 270
730
794 684
242 930
555
5
225
152 407
187
563 392
713
403 138
423
687
960 289
892 69
71 168
475 501
179
9
899
736
166
371 929
784
724
24
447 151
329
875
533
354
391
136
267
762 991
154
801 458
682
768
148
362
405 126
937 304
305
650
621
616
947 813
502
213
809
906
922
820
134 866
830
802
626
117 660
103
561
480
430
174
227 173
453
914
966
301
41
535 218
975
538
393
158 915
294
613
978
323
11
196
46 582
68 659
924
910 587
604
810 749
644
864
554
296
27 257
202
867
588
113
584
177
404
821
747
609 452
356
629
655
326
7
731 259
570
520
663
944
745
961 40
742
57 437
788 781
692
888
439
903 306
14
596
241
440
725
491
73
662 498
222
668 76
189
615 414
861 943
624 805
147 221
732
112
219
282
120
486
880
557
133 973
853 58
504
275
590 683
772
460
935
877
997
548 758
714 891
589 290
773 449
74
98
976
0 512
658
459 432
471 837
505
882 248
959
946 337
1
551
203
489
622 974
671
344 673
358
70
302
374
224 871
983
948
348
400
804
436
13
656
216
618 981
636 128
874
207 51
765 399
389
265
26 37
709 155
515
