750
58 471
81
389
141
537 422
963
531
787
439
514
670 700
251
387
942
888
875
550
146 927
769 402
346
485
448
966
496 685
10 318
584
112
45
92
663
631 36
732
366 581
42
998
982 750
41
446
647
733
727
793 418
404
489
123 96
881 657
109
936
11
23
209
254
488
379
187
453
410 248
33
921
491
557
75
196
336 221
748
854
189
644
48
90
303
136
494 246
934 717
145
753 438
25
779
649
656
612 521
399 388
592
976
722
886
549
567
905
666 88
964
824 853
848
933
362
856 234
662 562
74
970
261
401 798
871 513
634 590
78
299
309
997
877
50
574
434 651
814 188
879 79
307 185
744 535
573 183
570
469 143
688
274
635 27
77
285 958
181
737 770
302
801 566
479
904 55
235
652
250 861
380
907
435
836
762 238
868 172
400
507
591
819
150 133
160 383
436
809
82 751
215 981
276
287
381
887
938
459 518
284
935
173 789
66 343
641
205
658
509
169 991
580 544
979 813
764
19
281
1
157 805
922
575
282
926
506
178
319
987
503 619
279
962
939
35
606
831
746
913
867
230
451
546
607 424
914
192
396
830
682
166
229
167
766
376 800
511 249
536
780
728
910 501
554
40 668
361
880
931
978
930 960
771
179
397
599 461
799
140
869
168 749
478 108
493
638
855
163 458
7
351
220
268
60
718
660 427
896
358
199 628
184
671
624 661
900
621
374
293
53 85
201
314
440
951
782 57
909 676
924
890
600 466
159
315
256 65
672
212
86 543
851
426 124
840 15
597
608 980
322 699
561
487 49
743
925
843
462
946 338
26 974
874
767
539
736
616
990 686
627
333
433
135
772
977 204
497
259 231
308
579 758
441
667
350 269
833 114
802
110
588
62
642
826
894 653
347
373 137
901 858
804
213
247
325
272
377
837 407
704
885 577
947 988
821
712
708
486
454 720
529 94
210
275
304 428
863
603 618
349
340
194
680
681 558
32 622
560
650
598 783
696 715
54 386
39
940 484
331 365
278
63
286
864
237 601
569
790
463
555
38
747
784
745
852
467
705 474
375 409
533
224 382
508
431
437 902
313
917
111
218 523
872 295
741
475 524
899
457
996 915
559
679
490 243
415 244
353 795
865
637 341
859
519
725
534 609
354
127
352
941 563
683 643
64 355
312
520
339 115
950
411
502
195 952
735 129
5
640
820
4
84 18
850
155 498
629
556
289 697
596
158 816
844
754
149
620 31
420
177
807
364
357
316
738
756
893
175 444
792
786
311
794 542
510 806
477
430
170
897 345
266 104
587 2
102 726
645
515
46 262
548 760
983
6 30
91 51
842
447 117
674 765
292
368 984
912 956
724
776
923
202
363 206
541
208
532
516
460
406
499
669
965 953
811
500
56
713
171 144
28
971
456
594
416
300
348
267
895
630 273
673 847
360
17
134 866
233
67 59
197
429
106
22
392 838
773 796
283
648
421
690
16
89
585 846
768
655
93 957
692
857 344
526
839
425
203
253 695
755
190 759
710 288
928 774
100
918 264
118 547
61 898
384 291
778
845
835 615
823
986
632 227
525 165
103
301
148
757
222
369
611
156 689
240
34
449 321
994
9
483
646
217
684 371
265
277
152 214
495 985
44 999
678
99 455
908
610
138 788
378
614
393
258
687
482 270
916 832
255
948
211
472
775
761
709 659
161 372
12 191
245
223 359
198 126
714 595
604
207 324
107
797 891
128 882
949 937
540
481 101
623
142
317
413 116
335 180
693
241
328
83
257 911
370
827
242 589
665 572
512 884
87
297 403
675 492
810 929
527 578
551
626
625 973
228
465 571
583 943
617 945
3
98
954
538
391
729
785
740 452
860
337 0
480
327 582
121
752 432
8 390
43
849
71 552
132
468
873 568
989
263 105
576
702
815
763 69
21
122
174
968 553
330 932
473
593
808 721
817 920
730
323
443 834
961 398
125
306 703
14
216
70
395 445
225
955
517 385
716 664
24
29
889
739
777
68 841
972
829
791
412
969
73
329
993 862
781 95
639
419 731
80 545
711 828
290 414
47 236
332
394 131
803
701 310
113
356
504
260
892 564
919 876
334
719
296
992
975
239
13
139
944
130 153
605
423
870
305
342
878
654
151 586
967 72
995 182
280 271
698 522
154
326
442
706
464 252
613
97 20
298
818 883
565
52 417
294
37 476
405 147
906
677
723
691
367
450
320
120
176
812
219
734
76 200
470 636
164
903 528
505
694
193
822
959
186
707
602
162 825
742
530
119 633
226 408
232
