750
594
671
84 18
855
771
396
894 653
852
907
672
533
773 796
330 932
978
475 524
377
6 30
140
559
807
148
32 622
97 20
300
670 700
465 571
138 788
899
519
989
925
454 720
220
764
526
397
197
694
404
293
111
176
62
875
83
744 535
393
247
890
1
369
625 973
649
306 703
329
873 568
824 853
802
366 581
151 586
722
737 770
546
614
711 828
599 461
325
723
21
257 911
99 455
949 937
240
593
277
42
998
704
811
665 572
136
940 484
707
272
317
916 832
40 668
748
35
716 664
905
425
718
314
827
192
591
268
239
181
489
283
160 383
152 214
926
886
745
762 238
869
835 615
652
73
311
446
130 153
986
337 0
708
171 144
419 731
729
285 958
560
951
431
410 248
17
483
217
822
496 685
173 789
486
693
534 609
443 834
763 69
818 883
141
184
89
681 558
319
368 984
554
857 344
122
119 633
821
64 355
463
289 697
11
896
494 246
831
8 390
725
102 726
909 676
276
870
63
53 85
168 749
600 466
881 657
587 2
435
313
46 262
741
809
532
621
22
316
990 686
426 124
448
169 991
812
389
867
592
434 651
299
235
395 445
790
302
391
61 898
509
939
258
356
493
348
954
80 545
705 474
602
588
370
900
12 191
328
203
727
768
342
610
109
878
433
525 165
706
194
23
347
128 882
497
892 564
778
776
92
654
205
187
190 759
250 861
871 513
637 341
837 407
977 204
216
499
224 382
360
863
71 552
888
887
941 563
579 758
611
333
66 343
527 578
284
551
580 544
120
33
696 715
507
146 927
378
259 231
740 452
742
739
567
162 825
346
67 59
935
267
339 115
440
163 458
604
157 805
213
644
893
833 114
639
392 838
839
490 243
688
177
488
962
230
506
50
145
931
447 117
167
646
801 566
850
253 695
738
473
142
627
843
110
616
482 270
98
93 957
91 51
597
930 960
307 185
241
967 72
906
874
415 244
948
442
349
225
90
620 31
491
799
603 618
944
265
118 547
14
854
754
647
326
245
803
467
662 562
29
504
992
515
139
468
753 438
361
210
993 862
296
189
623
982 750
78
666 88
964
155 498
680
121
412
135
81
684 371
274
470 636
584
872 295
331 365
301
914
322 699
730
312
536
123 96
787
650
903 528
353 795
963
7
294
810 929
692
530
77
232
702
517 385
228
550
555
574
794 542
26 974
804
384 291
669
222
719
728
100
24
736
512 884
266 104
781 95
202
263 105
305
769 402
655
198 126
275
638
479
836
237 601
150 133
495 985
538
436
195 952
961 398
292
400
733
775
780
613
687
859
632 227
16
430
767
421
43
766
842
336 221
352
375 409
946 338
175 444
786
624 661
556
539
58 471
464 252
297 403
844
779
260
103
541
279
281
242 589
406
401 798
125
576
75
629
508
921
865
387
908
166
674 765
56
607 424
45
569
423
503 619
437 902
149
826
713
791
938
413 116
34
815
255
782 57
596
441
376 800
969
959
107
287
363 206
48
218 523
585 846
52 417
158 816
380
917
134 866
912 956
797 891
829
997
735 129
405 147
327 582
132
995 182
950
320
251
660 427
819
922
895
47 236
10 318
201
332
608 980
41
756
164
199 628
39
178
830
286
724
226 408
207 324
928 774
734
635 27
212
223 359
549
897 345
889
38
691
817 920
970
453
979 813
429
612 521
658
420
399 388
714 595
451
856 234
656
233
219
785
575
335 180
910 501
919 876
362
793 418
229
947 988
127
860
25
968 553
901 858
411
323
351
478 108
511 249
965 953
561
617 945
548 760
641
648
379
936
606
86 543
784
510 806
481 101
357
156 689
472
9
459 518
5
987
743
196
570
477
60
682
439
645
531
282
354
350 269
966
261
254
364
44 999
994
54 386
193
663
394 131
159
485
460
3
976
630 273
315
996 915
161 372
106
851
557
823
701 310
864
955
487 49
74
113
208
840 15
642
573 183
757
373 137
209
37 476
68 841
358
675 492
13
462
880
933
848
683 643
540
170
677
879 79
449 321
340
732
215 981
849
626
808 721
381
634 590
904 55
174
709 659
752 432
19
502
537 422
868 172
334
877
971
308
280 271
82 751
667
450
972
640
777
673 847
416
792
605
290 414
529 94
278
942
772
761
814 188
480
367
923
112
303
516
885 577
87
500
565
76 200
975
211
631 36
256 65
457
918 264
154
747
934 717
505
746
179
186
309
690
514
820
698 522
755
679
583 943
298
710 288
4
304 428
598 783
70
374
924
456
712
913
469 143
983
28
845
678
520
