750
333
934 717
928 774
588
627
203
917
89
585 846
470 636
734
253 695
154
168 749
186
516
946 338
830
829
894 653
979 813
123 96
119 633
779
681 558
91 51
775
728
477
792
817 920
209
98
21
867
282
370
737 770
925
328
280 271
707
777
255
827
810 929
740 452
230
696 715
311
254
267
551
944
739
121
465 571
802
93 957
297 403
44 999
940 484
743
839
399 388
818 883
918 264
202
189
223 359
856 234
616
842
823
258
592
304 428
642
201
762 238
283
890
969
156 689
145
174
107
64 355
326
741
602
567
434 651
305
690
331 365
614
916 832
320
665 572
579 758
978
142
714 595
361
706
225
296
933
157 805
767
301
505
964
660 427
719
591
840 15
989
870
23
744 535
294
473
723
738
722
955
864
598 783
446
212
769 402
605
557
8 390
298
909 676
673 847
32 622
620 31
491
232
181
28
68 841
807
3
66 343
353 795
687
468
275
352
951
507
662 562
712
746
499
772
859
416
40 668
649
815
666 88
277
120
554
184
897 345
454 720
61 898
748
994
794 542
573 183
251
292
75
447 117
708
219
80 545
274
889
787
935
480
151 586
187
887
411
655
799
611
329
801 566
213
190 759
976
850
623
110
169 991
435
637 341
377
309
575
272
81
533
871 513
546
630 273
420
47 236
41
848
500
820
195 952
924
16
663
194
922
220
938
146 927
629
821
904 55
400
78
555
716 664
125
701 310
210
494 246
752 432
218 523
14
486
29
755
865
241
539
71 552
560
995 182
503 619
392 838
531
73
561
327 582
612 521
431
401 798
640
323
736
638
966
704
913
482 270
519
266 104
931
60
873 568
171 144
647
134 866
22
771
76 200
718
42
34
508
982 750
99 455
961 398
881 657
364
457
526
833 114
874
307 185
86 543
921
607 424
208
600 466
843
597
534 609
488
177
941 563
314
54 386
167
624 661
869
868 172
509
959
19
857 344
349
423
811
287
393
111
730
520
761
278
764
594
368 984
374
965 953
512 884
804
725
613
631 36
548 760
986
150 133
606
102 726
584
702
38
877
963
87
844
645
538
632 227
456
10 318
855
735 129
481 101
646
160 383
426 124
308
430
406
776
803
912 956
733
863
12 191
17
860
67 59
419 731
92
429
233
33
342
376 800
196
97 20
63
977 204
880
450
648
404
394 131
970
82 751
583 943
914
216
139
103
773 796
109
375 409
574
281
127
35
495 985
849
565
412
517 385
617 945
373 137
166
136
229
351
460
52 417
193
763 69
885 577
593
53 85
348
808 721
265
250 861
358
893
732
46 262
26 974
580 544
502
4
954
713
354
13
667
992
993 862
451
176
322 699
680
239
289 697
449 321
300
356
675 492
656
549
962
641
56
879 79
671
141
711 828
540
831
245
658
332
926
240
923
334
780
290 414
178
532
175 444
786
299
812
395 445
284
826
179
302
50
237 601
968 553
782 57
132
198 126
350 269
998
907
510 806
158 816
405 147
306 703
263 105
9
906
527 578
603 618
504
604
347
256 65
443 834
570
997
439
48
192
391
37 476
90
224 382
211
469 143
910 501
148
58 471
357
837 407
753 438
875
694
330 932
634 590
698 522
678
319
112
900
621
410 248
39
625 973
493
140
199 628
854
905
421
705 474
791
692
688
672
128 882
835 615
536
754
930 960
756
149
901 858
950
529 94
396
217
163 458
669
259 231
164
972
809
710 288
790
84 18
639
515
325
379
413 116
626
599 461
380
293
5
367
100
996 915
852
366 581
43
497
971
170
1
947 988
337 0
459 518
155 498
490 243
768
387
118 547
152 214
729
785
467
130 153
441
709 659
340
242 589
747
596
339 115
162 825
70
949 937
173 789
892 564
908
336 221
312
644
285 958
936
677
489
483
727
197
113
222
77
608 980
514
397
742
362
895
556
550
475 524
650
433
682
135
845
724
784
205
670 700
824 853
899
226 408
415 244
576
511 249
766
479
378
569
45
485
745
228
442
506
652
541
525 165
896
819
247
948
207 324
437 902
122
7
235
814 188
335 180
635 27
161 372
138 788
317
939
967 72
487 49
440
25
215 981
610
24
159
384 291
781 95
268
276
793 418
436
530
360
822
363 206
886
286
674 765
537 422
303
757
464 252
369
478 108
654
11
836
942
83
425
315
6 30
778
74
559
261
313
872 295
279
462
463
257 911
987
346
448
693
851
679
316
878
62
990 686
983
472
797 891
453
381
691
903 528
975
888
389
587 2
106
683 643
496 685
260
684 371
919 876
