750
426 124
71 552
199 628
367
193
419 731
261
514
977 204
817 920
412
517 385
546
561
150 133
990 686
228
682
652
646
600 466
930 960
921
889
820
233
74
360
10 318
217
525 165
481 101
325
575
815
174
25
219
955
549
954
3
748
283
755
592
339 115
971
37 476
431
557
485
837 407
936
61 898
531
500
404
917
913
410 248
70
330 932
922
242 589
741
959
761
215 981
793 418
84 18
329
823
551
511 249
852
967 72
93 957
394 131
778
687
924
361
608 980
434 651
950
539
648
395 445
625 973
801 566
459 518
969
168 749
995 182
900
21
630 273
677
935
78
113
702
688
775
579 758
512 884
463
92
744 535
379
887
704
641
639
429
377
534 609
487 49
453
928 774
28
714 595
460
845
912 956
631 36
515
773 796
320
532
154
294
791
656
691
120
275
963
77
17
987
962
392 838
281
41
569
893
593
118 547
176
802
162 825
441
64 355
86 543
753 438
12 191
97 20
784
42
554
669
701 310
9
504
711 828
205
298
393
90
99 455
780
319
16
863
993 862
875
681 558
87
857 344
809
220
362
39
60
909 676
425
80 545
790
305
756
520
734
98
892 564
167
536
119 633
225
951
155 498
159
166
934 717
794 542
348
145
351
29
132
272
897 345
496 685
854
152 214
516
449 321
940 484
944
918 264
451
478 108
435
259 231
141
266 104
851
479
537 422
772
480
623
48
610
855
289 697
358
352
346
4
308
216
363 206
607 424
75
894 653
247
835 615
570
859
533
538
396
840 15
45
284
674 765
946 338
50
81
559
357
829
827
684 371
11
693
384 291
128 882
139
47 236
293
728
300
56
782 57
389
584
507
33
265
142
40 668
349
767
53 85
304 428
189
442
938
663
583 943
446
253 695
477
792
356
391
719
1
712
781 95
655
904 55
497
810 929
222
267
948
130 153
499
519
888
540
530
181
198 126
491
149
411
803
735 129
968 553
135
606
640
598 783
923
658
723
873 568
617 945
82 751
591
865
447 117
5
175 444
690
637 341
34
123 96
469 143
605
997
732
490 243
213
768
503 619
457
662 562
672
743
475 524
725
203
192
567
895
399 388
776
292
705 474
315
526
947 988
326
223 359
614
285 958
509
627
107
470 636
103
303
771
843
106
869
679
405 147
416
949 937
916 832
374
370
314
994
26 974
232
850
616
109
251
799
599 461
309
737 770
322 699
906
375 409
903 528
709 659
100
998
202
421
647
73
736
824 853
612 521
323
138 788
654
694
565
826
376 800
560
766
226 408
867
529 94
58 471
66 343
839
808 721
255
692
812
708
76 200
976
822
881 657
621
573 183
218 523
328
302
179
632 227
207 324
596
495 985
580 544
287
381
406
387
506
489
493
738
190 759
645
730
814 188
364
978
550
268
706
467
210
874
635 27
122
307 185
597
473
464 252
502
786
245
510 806
856 234
311
413 116
671
164
7
296
769 402
996 915
844
208
134 866
613
797 891
787
585 846
989
746
899
729
907
111
718
420
178
380
201
299
256 65
290 414
331 365
250 861
368 984
872 295
8 390
211
397
158 816
177
437 902
611
335 180
68 841
667
140
433
157 805
229
698 522
836
63
926
121
901 858
747
347
886
673 847
722
340
230
642
764
334
890
505
6 30
763 69
868 172
727
742
423
819
880
184
649
556
35
660 427
32 622
430
961 398
871 513
678
102 726
713
277
644
224 382
555
440
313
254
757
23
54 386
548 760
337 0
456
125
239
465 571
301
574
905
342
280 271
151 586
282
983
541
24
842
274
468
650
161 372
931
754
312
831
603 618
67 59
443 834
877
970
448
878
739
724
186
46 262
716 664
19
354
896
169 991
350 269
439
482 270
415 244
914
992
975
127
587 2
942
297 403
779
879 79
486
462
830
979 813
925
527 578
316
163 458
241
941 563
170
317
83
675 492
665 572
594
366 581
620 31
38
89
110
964
240
910 501
483
22
707
136
52 417
885 577
680
62
13
733
919 876
91 51
576
818 883
260
629
194
762 238
187
811
196
333
849
436
777
279
710 288
258
195 952
638
43
804
156 689
257 911
807
785
401 798
972
373 137
212
400
624 661
276
604
44 999
332
870
454 720
353 795
696 715
472
740 452
745
160 383
278
966
752 432
146 927
148
171 144
209
14
450
939
848
286
112
235
488
933
336 221
378
369
965 953
833 114
864
908
670 700
683 643
197
634 590
982 750
626
508
588
306 703
986
173 789
860
327 582
494 246
666 88
237 601
821
263 105
602
