750
181
965 953
419 731
46 262
202
70
716 664
506
186
317
688
411
446
612 521
447 117
879 79
3
111
913
732
539
971
537 422
23
405 147
830
490 243
216
747
334
194
525 165
21
154
199 628
947 988
762 238
277
354
274
856 234
75
392 838
6 30
738
489
640
256 65
28
195 952
626
464 252
356
176
328
583 943
413 116
152 214
533
817 920
966
727
909 676
396
146 927
241
922
938
315
376 800
656
707
684 371
347
691
443 834
449 321
993 862
757
893
576
904 55
132
632 227
880
34
969
86 543
831
532
160 383
587 2
910 501
780
99 455
123 96
551
736
560
940 484
728
391
833 114
242 589
437 902
138 788
203
844
258
939
141
377
121
667
962
311
425
304 428
130 153
972
33
261
923
56
724
507
526
784
32 622
58 471
102 726
62
276
326
625 973
690
239
151 586
74
908
158 816
19
397
487 49
743
505
485
306 703
366 581
373 137
591
888
35
785
168 749
917
811
40 668
885 577
299
187
81
574
465 571
646
292
453
978
519
80 545
642
670 700
829
281
746
621
68 841
225
860
1
307 185
575
968 553
448
603 618
197
97 20
399 388
316
666 88
678
12 191
393
895
486
260
193
584
431
794 542
692
835 615
369
504
944
531
67 59
478 108
766
557
756
395 445
157 805
237 601
793 418
556
472
480
896
26 974
224 382
283
218 523
196
54 386
493
43
665 572
764
329
346
13
701 310
263 105
142
610
313
149
177
639
530
339 115
635 27
426 124
954
594
113
421
205
827
175 444
394 131
772
169 991
477
189
637 341
128 882
682
192
704
509
48
812
824 853
363 206
529 94
91 51
495 985
358
561
24
184
250 861
351
301
580 544
654
400
645
63
649
567
791
289 697
994
826
173 789
350 269
38
110
950
713
479
905
886
773 796
342
10 318
435
744 535
429
734
275
597
294
379
752 432
555
174
930 960
925
42
739
836
926
468
705 474
357
629
89
790
599 461
140
648
881 657
711 828
782 57
217
305
494 246
514
319
226 408
890
155 498
298
617 945
725
76 200
233
921
607 424
702
614
534 609
823
297 403
265
714 595
961 398
979 813
312
899
47 236
845
90
64 355
842
819
903 528
579 758
963
613
964
763 69
672
949 937
512 884
456
327 582
230
53 85
821
982 750
673 847
309
488
61 898
511 249
190 759
977 204
215 981
440
814 188
515
406
475 524
60
787
941 563
644
623
17
854
349
290 414
967 72
706
647
491
875
549
433
454 720
674 765
681 558
516
924
638
118 547
410 248
698 522
662 562
593
987
508
683 643
753 438
134 866
900
808 721
742
222
320
990 686
150 133
868 172
170
804
634 590
694
777
208
367
918 264
112
337 0
92
948
41
420
863
87
851
107
257 911
401 798
362
148
815
671
675 492
874
282
314
503 619
767
167
735 129
374
600 466
548 760
380
877
83
213
450
331 365
82 751
52 417
436
559
179
473
127
361
855
16
928 774
50
801 566
296
820
775
901 858
660 427
807
384 291
198 126
156 689
496 685
360
679
741
462
375 409
9
470 636
77
892 564
333
693
44 999
986
936
942
570
592
207 324
11
761
596
166
916 832
730
164
797 891
719
209
416
771
84 18
278
29
959
951
897 345
229
370
818 883
381
975
364
247
162 825
631 36
852
630 273
286
469 143
442
220
733
541
527 578
340
919 876
335 180
5
779
663
120
935
624 661
995 182
223 359
983
163 458
22
255
602
211
266 104
268
460
14
352
859
708
786
232
850
837 407
799
251
658
93 957
996 915
125
768
588
652
914
322 699
641
822
272
336 221
235
353 795
254
849
554
308
228
611
540
723
483
769 402
467
497
970
284
210
606
439
510 806
135
546
103
878
857 344
441
906
212
332
745
565
998
279
161 372
754
434 651
803
330 932
4
219
627
245
696 715
712
159
538
997
604
45
430
98
865
451
348
867
778
755
687
843
946 338
907
650
387
39
710 288
598 783
871 513
171 144
839
7
100
119 633
669
267
303
73
809
412
25
481 101
722
280 271
810 929
848
253 695
569
415 244
536
500
300
605
323
869
37 476
463
872 295
459 518
989
616
748
109
931
677
404
781 95
955
776
912 956
709 659
608 980
302
71 552
887
502
840 15
870
737 770
655
423
864
873 568
802
585 846
894 653
201
740 452
293
8 390
934 717
718
145
66 343
976
139
573 183
889
620 31
992
933
550
368 984
389
240
259 231
285 958
729
287
78
136
517 385
792
178
680
106
457
499
520
325
482 270
378
122
