750
693
453
309
335 32
186
765 399
462
243 985
4
251
134 866
202
829
389
996 542
786
180 223
919 595
723
363 104
206 909
668 76
548 758
66 598
994
769 169
774 695
502
951
830
925
316
53 759
544 632
45
681 382
745
16
725
170
655
794 684
343 330
297 838
347
172 124
65 750
776
481 620
602
315
845
541
799
736
406
420
618 981
300
87
5
637 617
303
942
233
779
849
945 157
523 59
318 941
972
139
241
509
526
329
56
159
839
479
826
365 115
454 61
916 612
998
402 619
79 492
959
963
166
364
112
390 800
939
358
369
728
886
93 2
409 464
370
0 512
431
39
910 587
888
13
622 974
238 427
131 995
231 751
566 55
141
640
271 376
120
319
228
691
663
203
638
95 385
877
308
700 80
469 901
870
609 452
463
860
652
497
30 482
624 805
102 244
553 36
664 518
902 415
230
629
97 443
563 392
461 52
954
193
136
627
771
678
331 226
334
282
875
785
516
694
522 883
658
165 982
636 128
812
608 350
589 290
34
164
798 562
378
144 552
961 40
734
889
702
922
900
489
708
313
966
671
20 808
560
504
23
597
746
375 47
588
468
978
351
167
675 44
296
575
507
275
904 580
570
971
561
820
235
644
810 749
94 12
208
867
117 660
836
227 173
833 105
216
531
821
447 151
792
936
879 250
530
803
91 572
931
807
865
411
229
127
199 873
48
948
121
372 86
520
947 813
895
209
63
178
154
107
260
967 88
546
324 651
9
592
301
938
535 218
317
211
362
718
899
158 915
892 69
827
639
286
191 674
325
500
788 781
721 699
118 957
564 965
913
64 327
433
459 432
657 697
874
207 51
196
667
946 337
529 496
450
190 163
634 856
132
599 977
493
242 930
280 82
232
738
709 155
29
471 837
287
215 146
525 993
631 953
213
809
711 384
245
748
558 114
906
176
766
828 670
421
934 137
149
17
161 698
355 635
648
83
613
844
440
96 770
854
559
935
373 476
653 478
379
429
823
212
25
864
46 582
784
181
760 789
188 270
424 394
71 168
403 138
921
265
964
35
293
801 458
692
346
859
764
715 236
744 806
258
24
298
979 517
33
19
465 84
488
992
408 474
312
549
584
274
606
706
254
174
890
444 685
398 67
423
654
393
716 31
832 586
554
220
666 494
89
187
591
430
451
185 256
439
147 221
7
10 665
326
730
905
85 524
569
356
11
225
192
145
878
28
960 289
842
604
508
679
148
41
217
342
8 686
472
747
292
72 573
333
626
267
277
81
767
756
882 248
862 603
689 175
737 894
14
477
722
720 783
682
662 498
614
656
775
110
68 659
515
687
896
768
740 123
621
669
918 876
21
410 579
436
527 495
26 37
377
704
210
77
70
705 625
224 871
428 345
446
672
505
863
633 262
255
268
676 912
160 857
797 503
506
400
847 571
197
418 846
757
761
485
593
340
532
57 437
937 304
103
272
855
735 793
109
986
680
404
755
6 868
576
729
649
249 717
834 988
650
647
851
480
445 15
551
677
642
18 386
426 214
772
119 528
322 182
284
328
690
75
332
130 547
615 414
567
661 643
713
470 999
194
417 958
646
401 824
780
434 237
790
283
348
240
264 577
782 195
140
539
183 129
814 897
881 940
483
955
239
762 991
594
956 273
733
822
162 510
719
491
990 101
641
152 407
987
533
596
949 269
565
952 752
848
60
396
416
171 285
62
43
294
976
113
142
133 973
724
353 116
73
460
869
344 673
90
143 703
153 204
885 359
475 501
219
858 521
179
753 545
712
893
536
710 487
200 413
201
310 984
707
917
448
387
989
841 817
111
623
903 306
276
739
27 257
486
983
442
405 126
323
357
585 150
205
352
438 968
381
778
975
314
189
818 763
791
455 252
980 578
305
944
74
754
371 929
962
288 825
741
590 683
383 484
222
106
950
22
811
519
279
78
38
538
815
42
969
299
278
291 911
743
611
887
261
422 253
908
425
898 108
246 156
742
852
247
341 920
349
354
787
234 701
645
537 338
380
616
514
727
605
610
997
177
574
435
550
924
339 928
367
540
135
773 449
311
927 872
853 58
861 943
556
880
490 198
819
568 266
98
926
970
412
914
555
281
457
581 263
361
3
50
688
374
473
923
467
835 601
368 366
840 511
456
336 388
816 628
100
831
360
907
933
843
607 321
320
302
795 543
125
731 259
802
777
49 419
92
397
557
441
391
796 99
534 630
732
54 932
122
714 891
513 466
884 600
395 295
804
307 696
184
583 726
499
1
850
