750
820
671
811
879 250
147 221
799
956 273
899
560
878
389
60
356
302
996 542
222
682
557
803
3
165 982
391
576
19
286
371 929
762 991
604
420
769 169
636 128
291 911
745
830
678
353 116
918 876
810 749
761
370
895
65 750
905
181
328
45
294
960 289
454 61
162 510
166
431
939
593
246 156
563 392
441
743
561
592
971
481 620
314
583 726
339 928
597
880
369
949 269
66 598
191 674
564 965
225
821
207 51
424 394
143 703
756
677
119 528
183 129
780
801 458
92
832 586
38
159
522 883
942
98
216
606
94 12
243 985
885 359
645
57 437
966
43
537 338
429
623
499
171 285
227 173
923
326
951
559
692
622 974
727
336 388
760 789
785
733
265
661 643
267
778
196
693
715 236
404
679
519
215 146
81
725
141
747
416
516
85 524
430
852
720 783
121
863
961 40
513 466
352
844
748
843
479
644
463
144 552
716 31
688
757
264 577
284
281
351
217
329
451
29
804
178
448
945 157
741
831
177
998
203
946 337
403 138
457
842
656
722
355 635
401 824
343 330
954
402 619
664 518
551
634 856
616
176
103
936
301
164
373 476
809
249 717
657 697
16
300
642
453
258
959
898 108
48
493
591
467
614
669
436
109
585 150
646
334
118 957
462
97 443
796 99
535 218
514
980 578
186
397
190 163
381
854
148
447 151
197
505
106
814 897
100
485
276
268
766
158 915
62
4
613
536
152 407
6 868
240
553 36
532
208
575
840 511
167
189
154
948
538
668 76
46 582
624 805
322 182
318 941
461 52
850
292
426 214
714 891
245
795 543
357
802
131 995
456
935
568 266
794 684
229
819
5
410 579
791
833 105
718
865
8 686
202
477
531
641
434 237
504
689 175
947 813
400
472
650
469 901
712
858 521
706
275
455 252
22
184
691
509
293
33
910 587
439
112
906
372 86
64 327
316
734
278
375 47
331 226
354
648
736
708
390 800
904 580
274
53 759
874
14
325
926
35
690
78
422 253
755
25
73
792
333
201
360
520
784
882 248
200 413
298
786
161 698
93 2
841 817
20 808
710 487
282
713
367
788 781
272
332
251
890
307 696
323
297 838
979 517
149
287
870
317
280 82
864
111
344 673
807
387
913
7
445 15
976
515
765 399
74
358
735 793
534 630
233
374
525 993
428 345
835 601
279
299
827
199 873
834 988
565
875
729
737 894
851
927 872
777
10 665
970
296
621
633 262
75
212
405 126
798 562
459 432
460
744 806
70
377
983
153 204
348
132
398 67
967 88
471 837
675 44
602
193
782 195
28
508
608 350
277
730
160 857
497
972
530
241
584
179
640
446
213
773 449
925
232
558 114
319
0 512
779
63
775
555
145
34
473
589 290
610
992
139
914
347
533
30 482
767
39
411
869
919 595
342
475 501
950
526
829
529 496
764
234 701
102 244
308
13
127
239
433
931
867
9
969
964
396
380
627
615 414
418 846
438 968
738
230
42
922
224 871
721 699
566 55
79 492
135
444 685
812
125
187
113
18 386
663
666 494
989
172 124
305
732
588
142
21
916 612
313
440
704
23
303
539
310 984
480
247
260
549
672
527 495
896
845
594
987
944
324 651
719
486
1
797 503
861 943
707
24
110
283
378
609 452
120
238 427
56
261
740 123
90
335 32
122
662 498
468
408 474
133 973
140
209
220
96 770
888
771
231 751
488
491
465 84
753 545
540
822
638
11
502
605
884 600
849
680
174
71 168
570
826
309
847 571
667
934 137
77
853 58
815
412
341 920
26 37
862 603
185 256
881 940
569
544 632
346
886
952 752
900
823
742
130 547
242 930
774 695
364
700 80
393
554
50
997
653 478
83
787
907
136
739
990 101
694
450
368 366
893
383 484
320
731 259
590 683
379
649
596
363 104
611
490 198
639
816 628
702
206 909
442
938
836
647
567
180 223
311
548 758
902 415
917
772
637 617
421
581 263
687
254
89
855
406
550
892 69
629
134 866
312
986
194
933
17
860
27 257
556
754
711 384
483
962
188 270
877
315
975
937 304
91 572
955
728
839
107
776
631 953
228
658
49 419
500
626
72 573
889
908
340
507
170
361
117 660
618 981
709 155
963
68 659
192
205
921
395 295
470 999
288 825
41
210
541
489
676 912
574
924
681 382
417 958
87
790
95 385
607 321
211
425
654
423
705 625
271 376
994
818 763
723
523 59
859
599 977
546
903 306
349
848
768
652
506
724
655
362
255
409 464
219
235
978
365 115
435
746
54 932
887
828 670
