750
610
598 783
752 432
997
12 191
725
933
946 338
381
740 452
45
9
781 95
938
19
313
375 409
164
334
502
160 383
496 685
121
37 476
395 445
836
174
764
987
363 206
844
808 721
503 619
698 522
843
551
714 595
665 572
228
519
346
400
677
120
299
850
413 116
873 568
212
875
603 618
746
5
756
527 578
826
670 700
641
357
684 371
488
687
923
38
736
224 382
475 524
691
602
293
74
337 0
415 244
616
266 104
319
583 943
499
673 847
650
287
517 385
515
302
274
879 79
421
690
951
486
463
216
70
177
744 535
508
387
460
169 991
683 643
179
889
706
237 601
737 770
546
16
807
705 474
254
497
779
638
588
587 2
322 699
868 172
233
560
494 246
539
362
803
292
148
576
617 945
464 252
821
913
870
541
52 417
277
193
32 622
197
762 238
755
671
810 929
335 180
928 774
285 958
732
778
613
777
391
342
959
41
220
48
893
782 57
504
80 545
175 444
722
840 15
776
716 664
600 466
317
921
54 386
748
540
435
454 720
374
567
747
222
208
649
799
514
1
534 609
78
166
450
525 165
99 455
272
899
992
190 759
284
561
709 659
573 183
975
33
909 676
275
267
907
855
645
742
594
290 414
812
557
591
34
348
361
156 689
181
910 501
797 891
437 902
919 876
531
283
331 365
130 153
632 227
314
550
162 825
954
612 521
926
640
431
7
118 547
851
487 49
702
311
592
60
961 398
378
251
202
332
63
347
110
218 523
211
955
139
990 686
44 999
141
814 188
897 345
103
569
971
708
766
77
389
692
635 27
240
296
306 703
739
900
931
443 834
149
625 973
662 562
801 566
733
138 788
672
510 806
495 985
423
538
728
579 758
874
830
22
831
66 343
912 956
941 563
565
669
791
253 695
67 59
356
192
621
113
410 248
585 846
894 653
556
154
757
580 544
412
845
11
477
446
787
768
135
905
763 69
918 264
125
397
741
892 564
14
696 715
970
966
76 200
559
614
17
425
942
229
994
819
730
4
297 403
611
480
376 800
198 126
530
818 883
29
436
429
772
140
210
459 518
584
155 498
39
87
507
511 249
377
526
278
479
440
194
548 760
917
305
420
916 832
771
694
258
481 101
134 866
639
28
281
161 372
922
820
555
745
848
648
835 615
506
157 805
42
366 581
536
132
660 427
491
792
168 749
998
207 324
485
40 668
605
982 750
90
448
232
761
986
83
8 390
976
947 988
230
623
624 661
307 185
146 927
301
626
996 915
901 858
56
159
401 798
62
658
75
282
629
644
532
13
308
903 528
394 131
710 288
794 542
47 236
392 838
608 980
575
888
373 137
634 590
92
100
26 974
972
652
631 36
688
934 717
754
439
784
247
469 143
263 105
360
654
724
127
369
167
906
678
309
255
793 418
930 960
827
860
637 341
136
239
35
470 636
379
554
908
829
675 492
384 291
950
97 20
483
869
303
599 461
257 911
158 816
433
449 321
352
597
549
863
242 589
430
773 796
738
968 553
235
368 984
315
111
226 408
478 108
520
53 85
71 552
456
856 234
790
150 133
533
667
887
780
10 318
837 407
109
351
785
23
123 96
61 898
753 438
298
723
871 513
219
895
260
646
86 543
964
327 582
885 577
822
279
890
786
426 124
472
880
802
453
350 269
704
354
824 853
276
358
872 295
241
245
713
128 882
604
842
68 841
89
380
979 813
620 31
935
529 94
767
294
865
349
735 129
939
333
877
655
849
339 115
199 628
948
265
106
171 144
442
73
977 204
516
329
505
84 18
775
969
300
679
225
93 957
607 424
852
859
3
465 571
326
213
91 51
46 262
316
593
817 920
833 114
419 731
189
857 344
406
993 862
195 952
995 182
809
606
261
718
967 72
411
82 751
58 471
151 586
280 271
663
904 55
184
170
457
323
769 402
364
727
719
187
537 422
205
823
107
370
925
21
186
81
681 558
145
142
944
729
122
325
914
965 953
707
886
473
978
223 359
490 243
983
451
989
24
163 458
693
878
330 932
259 231
642
512 884
468
404
196
50
962
250 861
701 310
312
674 765
217
6 30
340
367
328
25
434 651
482 270
64 355
896
493
570
500
864
320
201
467
596
119 633
209
489
711 828
963
656
152 214
682
176
405 147
680
336 221
666 88
509
98
574
353 795
924
940 484
256 65
839
712
304 428
441
215 981
815
416
286
203
396
393
867
630 273
112
734
627
173 789
447 117
854
178
936
462
647
881 657
949 937
102 726
289 697
43
268
399 388
743
811
804
