750
304 428
593
478 108
342
734
80 545
919 876
995 182
489
175 444
777
638
992
951
468
19
68 841
867
529 94
335 180
766
663
21
454 720
325
64 355
540
219
405 147
989
449 321
202
809
497
29
923
666 88
289 697
81
534 609
255
650
158 816
598 783
442
707
557
683 643
906
451
99 455
592
360
705 474
831
230
732
113
464 252
14
979 813
605
346
799
509
763 69
496 685
301
871 513
377
281
662 562
430
443 834
256 65
897 345
753 438
640
102 726
669
303
63
567
810 929
373 137
779
140
998
829
785
71 552
450
742
939
47 236
112
123 96
92
54 386
918 264
701 310
684 371
211
526
559
366 581
797 891
747
284
361
527 578
166
134 866
78
125
997
678
91 51
320
538
199 628
24
44 999
399 388
773 796
375 409
272
903 528
614
322 699
712
921
820
187
263 105
554
510 806
397
914
645
990 686
43
247
258
387
767
520
119 633
197
823
907
972
912 956
357
904 55
649
23
174
141
170
41
856 234
499
982 750
821
212
485
334
708
674 765
392 838
87
337 0
296
233
769 402
32 622
316
752 432
479
35
936
480
599 461
670 700
222
52 417
82 751
411
237 601
473
89
687
757
878
142
415 244
362
412
348
285 958
300
328
490 243
440
439
743
380
7
10 318
580 544
850
317
608 980
502
849
136
762 238
603 618
470 636
881 657
698 522
782 57
644
127
163 458
977 204
103
933
347
723
548 760
201
282
970
410 248
803
950
128 882
733
688
379
537 422
251
151 586
205
11
808 721
968 553
423
350 269
257 911
139
596
75
736
642
434 651
624 661
60
34
627
938
228
675 492
926
469 143
331 365
38
604
97 20
682
837 407
794 542
309
292
620 31
908
83
880
713
887
824 853
576
426 124
870
854
241
549
224 382
801 566
135
641
110
177
395 445
569
195 952
965 953
947 988
530
315
215 981
465 571
178
250 861
61 898
889
156 689
872 295
152 214
635 27
150 133
955
184
307 185
827
935
311
306 703
672
780
787
724
716 664
463
50
791
905
738
159
339 115
401 798
574
996 915
209
138 788
579 758
942
122
389
994
931
168 749
364
848
437 902
868 172
814 188
486
494 246
503 619
467
727
613
491
516
297 403
768
756
333
784
179
287
826
368 984
843
625 973
978
121
196
910 501
894 653
740 452
42
164
764
729
441
833 114
671
279
565
374
56
694
860
358
819
913
278
84 18
815
818 883
917
776
77
680
312
302
160 383
874
525 165
901 858
276
873 568
710 288
969
842
611
198 126
394 131
73
293
546
421
863
487 49
500
242 589
954
169 991
319
367
737 770
583 943
532
162 825
748
925
459 518
74
704
584
167
971
98
606
340
600 466
171 144
26 974
210
786
391
37 476
352
93 957
493
157 805
76 200
754
976
602
149
192
851
504
634 590
899
477
588
610
436
16
924
90
987
892 564
962
746
967 72
181
239
637 341
146 927
730
475 524
176
656
323
533
481 101
835 615
864
404
66 343
213
220
550
100
482 270
148
718
207 324
505
893
928 774
585 846
280 271
245
844
660 427
232
690
4
420
654
507
506
453
840 15
594
629
741
692
658
419 731
396
531
67 59
630 273
299
845
875
145
745
612 521
17
755
587 2
916 832
944
218 523
203
771
591
693
190 759
511 249
39
327 582
28
790
772
274
888
217
946 338
435
253 695
353 795
8 390
216
25
869
804
223 359
560
53 85
457
761
12 191
781 95
261
118 547
778
447 117
326
890
460
714 595
109
111
369
483
515
488
298
993 862
573 183
830
616
621
406
229
679
290 414
132
539
706
648
517 385
370
354
811
597
792
696 715
173 789
308
959
259 231
9
275
817 920
793 418
983
22
186
189
879 79
961 398
940 484
400
472
351
277
1
949 937
735 129
48
836
305
655
283
631 36
254
855
575
448
193
647
5
555
839
456
975
286
46 262
235
709 659
260
62
964
332
393
120
941 563
425
986
356
154
45
812
413 116
106
646
626
225
512 884
161 372
639
857 344
677
570
329
966
922
896
363 206
934 717
802
667
702
681 558
514
963
556
536
725
561
381
314
107
33
541
739
431
607 424
885 577
240
376 800
665 572
266 104
495 985
632 227
719
349
384 291
330 932
40 668
807
294
378
519
722
691
194
13
551
70
744 535
313
429
433
6 30
728
508
673 847
58 471
265
208
948
900
226 408
623
711 828
877
865
416
3
86 543
930 960
822
852
859
130 153
909 676
462
775
895
446
155 498
617 945
267
652
268
336 221
886
