750
690
966
611
493
218 523
39
6 30
986
502
839
868 172
963
330 932
13
127
709 659
33
195 952
329
833 114
148
272
397
867
807
506
654
994
888
317
912 956
814 188
799
376 800
515
510 806
211
470 636
826
666 88
827
741
948
520
192
157 805
921
540
233
76 200
93 957
885 577
86 543
886
829
268
508
761
702
856 234
287
646
213
881 657
160 383
469 143
530
140
637 341
754
257 911
992
669
89
704
92
567
844
548 760
794 542
300
281
440
299
265
711 828
168 749
119 633
722
453
594
512 884
74
179
29
220
596
887
467
61 898
24
556
158 816
763 69
710 288
154
342
473
682
319
28
565
100
599 461
212
448
790
75
297 403
600 466
462
705 474
412
818 883
373 137
871 513
511 249
663
939
971
747
54 386
608 980
740 452
44 999
460
253 695
356
977 204
201
691
837 407
899
946 338
801 566
175 444
43
624 661
311
425
307 185
78
951
260
597
239
638
670 700
729
489
579 758
660 427
707
792
922
967 72
810 929
80 545
968 553
46 262
812
443 834
742
40 668
442
787
11
587 2
351
768
925
531
275
320
559
125
667
949 937
842
507
34
555
914
499
993 862
822
278
878
514
819
77
463
696 715
42
592
908
607 424
983
8 390
851
17
325
527 578
384 291
727
3
630 273
261
106
337 0
107
975
854
71 552
171 144
352
872 295
959
228
315
877
429
850
361
766
155 498
910 501
97 20
90
109
574
674 765
178
546
893
332
934 717
815
303
479
14
362
797 891
809
793 418
354
464 252
199 628
650
415 244
525 165
517 385
196
162 825
550
437 902
447 117
998
151 586
769 402
292
835 615
306 703
852
583 943
982 750
767
776
617 945
613
181
641
803
930 960
347
708
913
503 619
366 581
905
7
395 445
733
483
399 388
400
193
439
449 321
634 590
37 476
962
621
719
919 876
990 686
495 985
441
217
942
737 770
298
67 59
145
314
505
304 428
63
536
230
724
917
736
121
450
648
649
743
350 269
933
744 535
804
880
435
775
259 231
170
166
481 101
276
340
900
357
215 981
84 18
255
128 882
35
576
25
965 953
561
791
569
254
573 183
111
647
764
978
889
616
48
283
533
591
534 609
687
363 206
478 108
480
500
755
419 731
491
4
454 720
728
976
694
836
519
152 214
56
263 105
821
923
585 846
280 271
916 832
184
404
554
378
780
738
9
732
312
692
681 558
786
139
784
130 153
865
739
103
68 841
207 324
189
802
387
258
326
684 371
186
665 572
208
87
156 689
549
289 697
334
209
778
308
904 55
379
782 57
944
987
118 547
173 789
112
603 618
309
21
284
202
746
190 759
734
753 438
23
752 432
205
411
405 147
224 382
757
602
198 126
177
635 27
645
282
539
584
570
712
392 838
477
251
245
167
931
644
174
169 991
225
706
671
380
857 344
62
433
113
897 345
631 36
336 221
194
875
416
901 858
134 866
142
612 521
45
364
677
83
626
496 685
150 133
970
176
924
123 96
370
843
895
894 653
906
290 414
475 524
240
10 318
903 528
327 582
73
305
935
863
716 664
652
316
367
410 248
870
293
504
232
785
672
820
159
683 643
869
53 85
580 544
655
997
529 94
328
98
642
831
928 774
401 798
164
557
848
333
941 563
623
598 783
81
389
772
423
346
679
745
855
698 522
605
267
102 726
482 270
658
488
302
497
593
860
560
277
120
219
47 236
32 622
187
210
394 131
678
247
349
420
714 595
947 988
509
662 562
413 116
296
756
335 180
494 246
339 115
762 238
70
381
456
675 492
604
954
12 191
22
122
82 751
226 408
610
250 861
538
614
673 847
216
606
779
426 124
713
969
725
771
149
824 853
135
955
451
391
627
406
431
487 49
197
64 355
541
468
472
823
223 359
526
777
693
996 915
229
940 484
874
718
360
358
849
50
374
926
892 564
640
918 264
301
840 15
1
890
808 721
864
16
701 310
285 958
436
972
748
375 409
66 343
313
430
322 699
38
138 788
989
575
873 568
377
5
490 243
41
161 372
26 974
294
52 417
110
235
58 471
19
936
516
256 65
132
811
879 79
237 601
817 920
485
434 651
532
222
639
241
242 589
421
396
203
279
961 398
163 458
730
551
859
688
331 365
950
656
353 795
141
368 984
625 973
896
99 455
735 129
486
781 95
60
629
393
830
979 813
938
465 571
348
632 227
845
446
323
773 796
964
907
146 927
369
266 104
91 51
274
537 422
588
620 31
459 518
286
909 676
136
723
680
995 182
457
