750
226 408
197
279
199 628
316
10 318
732
768
220
839
258
426 124
766
560
487 49
775
742
159
451
23
803
283
670 700
320
406
209
272
811
856 234
75
446
844
35
612 521
638
870
837 407
730
713
354
160 383
979 813
293
909 676
933
337 0
100
360
29
3
603 618
155 498
536
652
150 133
599 461
976
975
480
478 108
899
442
281
694
347
635 27
546
725
718
969
110
859
177
648
684 371
223 359
141
261
905
152 214
296
519
722
194
164
854
997
411
375 409
475 524
874
48
459 518
797 891
202
361
503 619
195 952
904 55
260
374
616
266 104
912 956
964
50
509
70
334
357
491
154
192
663
786
729
986
329
537 422
922
89
541
527 578
804
380
871 513
977 204
588
119 633
348
8 390
764
830
812
225
921
127
292
400
634 590
890
602
38
845
106
608 980
647
413 116
867
855
998
889
594
516
495 985
554
641
285 958
40 668
60
879 79
526
640
673 847
913
748
103
779
145
189
494 246
26 974
987
782 57
888
829
477
222
908
322 699
462
168 749
826
464 252
950
54 386
376 800
93 957
540
312
389
573 183
625 973
515
914
850
665 572
305
224 382
814 188
848
610
942
52 417
733
833 114
201
367
896
196
507
64 355
701 310
801 566
7
592
330 932
709 659
32 622
706
198 126
135
450
511 249
277
762 238
724
82 751
995 182
78
810 929
781 95
37 476
630 273
863
437 902
704
723
605
559
963
384 291
251
656
868 172
900
741
297 403
739
378
364
306 703
815
776
629
852
585 846
140
405 147
646
617 945
447 117
241
935
245
162 825
903 528
299
66 343
688
98
91 51
205
34
443 834
71 552
158 816
274
39
63
632 227
621
176
702
591
463
351
968 553
44 999
691
951
655
502
895
128 882
425
539
565
660 427
600 466
353 795
529 94
62
439
233
682
880
637 341
506
671
379
972
120
885 577
174
369
500
323
19
187
743
728
925
11
346
708
256 65
575
947 988
6 30
307 185
171 144
237 601
955
736
479
784
435
186
808 721
620 31
278
327 582
25
240
583 943
827
877
81
112
111
481 101
669
613
90
792
276
167
311
333
667
901 858
99 455
58 471
631 36
170
218 523
469 143
490 243
835 615
508
567
309
940 484
467
247
821
931
692
17
142
118 547
73
860
136
397
580 544
284
289 697
906
756
576
744 535
894 653
961 398
121
677
193
314
156 689
472
395 445
510 806
86 543
229
719
489
4
294
763 69
851
497
482 270
219
550
453
326
394 131
642
791
352
681 558
831
441
125
982 750
232
259 231
809
148
666 88
928 774
13
917
780
893
213
579 758
777
881 657
533
820
410 248
698 522
436
761
207 324
842
978
301
373 137
772
468
693
151 586
887
304 428
626
431
627
421
597
328
387
254
486
924
169 991
587 2
773 796
33
505
166
331 365
598 783
46 262
857 344
799
910 501
662 562
12 191
68 841
1
317
146 927
76 200
392 838
555
496 685
41
290 414
593
649
561
740 452
574
257 911
710 288
208
948
793 418
941 563
74
757
672
569
596
302
342
412
123 96
650
109
769 402
107
47 236
869
460
919 876
268
745
300
429
802
556
520
916 832
473
570
250 861
280 271
181
67 59
639
184
488
399 388
415 244
907
149
538
190 759
287
253 695
584
944
875
430
753 438
230
754
705 474
778
416
819
966
134 866
971
130 153
946 338
335 180
954
404
391
470 636
607 424
393
683 643
212
92
712
356
514
61 898
878
532
179
138 788
80 545
644
716 664
332
363 206
823
465 571
216
45
157 805
849
959
534 609
483
24
864
785
122
493
267
836
993 862
965 953
678
457
623
840 15
228
319
674 765
77
918 264
962
263 105
873 568
173 789
434 651
217
737 770
42
690
215 981
370
679
336 221
512 884
340
381
611
87
504
113
771
16
43
339 115
807
755
235
242 589
423
313
606
440
747
499
996 915
203
727
926
9
787
817 920
934 717
790
102 726
551
930 960
377
349
746
282
923
401 798
517 385
21
531
822
990 686
28
362
139
949 937
994
557
752 432
645
992
707
161 372
84 18
734
549
449 321
5
132
738
970
14
824 853
308
178
548 760
350 269
396
735 129
983
658
767
211
368 984
303
604
711 828
298
892 564
163 458
680
83
22
624 661
530
938
696 715
939
872 295
454 720
56
53 85
265
448
275
818 883
315
456
843
886
614
794 542
865
897 345
714 595
485
325
366 581
989
687
239
525 165
97 20
433
654
255
675 492
967 72
420
419 731
936
210
286
358
175 444
