750
787
879 250
709 155
554
7
819
861 943
508
469 901
867
713
680
160 857
11
778
987
39
25
647
895
17
820
626
989
136
722
96 770
791
299
708
251
75
231 751
682
667
546
755
378
158 915
297 838
288 825
950
558 114
91 572
440
735 793
548 758
435
400
42
383 484
869
725
996 542
66 598
938
189
245
328
404
192
661 643
718
463
228
282
46 582
779
888
556
774 695
106
225
678
870
970
220
550
590 683
211
305
832 586
916 612
840 511
931
183 129
0 512
807
261
361
284
515
881 940
975
997
745
822
179
122
613
323
53 759
902 415
615 414
480
583 726
775
314
390 800
768
431
983
710 487
956 273
884 600
341 920
353 116
193
50
470 999
30 482
951
971
730
139
424 394
143 703
94 12
291 911
827
161 698
693
588
100
45
152 407
312
688
254
760 789
964
465 84
411
348
919 595
645
664 518
885 359
56
596
491
706
761
430
232
945 157
81
205
363 104
731 259
451
347
241
65 750
118 957
5
425
281
29
38
656
905
265
859
488
210
831
134 866
734
274
818 763
782 195
990 101
170
923
396
380
850
969
841 817
255
196
292
275
63
418 846
747
444 685
423
589 290
741
224 871
803
830
544 632
890
144 552
428 345
676 912
937 304
631 953
280 82
733
130 547
422 253
711 384
322 182
762 991
732
420
113
222
776
835 601
24
924
311
19
899
57 437
489
753 545
567
181
860
197
172 124
362
716 31
555
566 55
317
934 137
102 244
887
804
591
681 382
403 138
111
153 204
8 686
230
597
213
398 67
315
679
921
719
140
599 977
60
481 620
34
854
145
110
199 873
309
200 413
49 419
460
120
227 173
372 86
935
575
944
801 458
694
574
371 929
836
627
689 175
393
737 894
167
828 670
910 587
486
677
853 58
456
948
976
209
194
646
963
514
687
565
89
570
453
90
402 619
998
540
507
154
202
41
605
814 897
233
815
604
379
4
242 930
391
502
986
602
448
896
748
795 543
534 630
357
409 464
483
922
636 128
479
821
455 252
960 289
135
581 263
408 474
442
714 891
33
560
952 752
561
802
908
132
301
238 427
121
355 635
900
369
889
978
663
260
365 115
526
147 221
520
10 665
433
119 528
799
962
240
178
185 256
513 466
133 973
504
785
148
127
961 40
131 995
629
527 495
319
354
564 965
73
471 837
307 696
208
516
258
401 824
727
27 257
215 146
771
387
812
618 981
302
439
467
669
326
334
739
767
417 958
623
28
648
461 52
816 628
434 237
967 88
955
764
485
848
103
367
446
375 47
243 985
180 223
994
177
863
201
342
551
389
18 386
71 168
159
188 270
786
68 659
426 214
462
468
445 15
70
720 783
532
633 262
712
729
744 806
35
219
954
190 163
721 699
358
654
530
655
927 872
569
844
9
851
267
839
705 625
843
834 988
287
164
13
724
608 350
607 321
707
310 984
874
533
772
728
691
264 577
926
54 932
536
246 156
356
810 749
641
43
206 909
738
187
142
657 697
505
247
171 285
855
949 269
784
638
351
234 701
652
429
723
864
438 968
925
98
441
279
609 452
318 941
22
809
346
946 337
658
766
87
373 476
672
972
563 392
333
186
395 295
531
765 399
112
662 498
606
109
522 883
276
797 503
769 169
668 76
454 61
568 266
166
525 993
792
875
370
509
790
757
272
329
97 443
865
3
773 449
300
335 32
788 781
913
331 226
249 717
858 521
852
320
690
473
6 868
21
780
174
754
621
506
340
344 673
95 385
746
743
523 59
316
176
704
700 80
650
740 123
48
162 510
20 808
702
616
666 494
898 108
980 578
535 218
936
675 44
715 236
903 306
610
594
278
644
811
343 330
360
979 517
349
117 660
339 928
893
235
742
796 99
798 562
416
271 376
450
576
886
622 974
107
826
959
914
933
83
692
125
149
16
847 571
529 496
268
374
85 524
296
421
92
642
918 876
541
141
207 51
93 2
78
624 805
294
649
14
549
203
519
557
184
880
842
459 432
584
500
313
26 37
412
882 248
308
640
907
653 478
477
490 198
585 150
878
23
614
942
593
325
239
756
381
794 684
62
352
493
992
165 982
639
904 580
1
892 69
216
77
405 126
191 674
436
906
499
229
559
877
947 813
475 501
538
457
611
410 579
377
539
736
553 36
917
368 366
406
332
862 603
364
966
217
537 338
592
293
637 617
823
283
671
298
634 856
397
74
64 327
777
277
845
286
829
939
303
472
833 105
849
212
336 388
447 151
79 492
497
72 573
324 651
