750
816 628
795 543
784
60
186
637 617
14
540
357
339 928
565
228
569
353 116
847 571
760 789
110
176
202
948
707
71 168
706
576
960 289
222
456
45
597
710 487
812
792
737 894
133 973
782 195
26 37
669
768
809
242 930
975
848
841 817
73
255
100
947 813
205
721 699
593
914
397
942
463
118 957
923
368 366
467
421
925
17
821
859
919 595
538
797 503
340
404
183 129
297 838
544 632
302
723
284
49 419
608 350
329
396
356
561
959
135
79 492
485
267
533
23
819
178
27 257
111
234 701
201
179
767
906
323
780
724
810 749
53 759
400
590 683
708
349
667
989
153 204
318 941
840 511
530
570
158 915
75
490 198
581 263
531
688
332
642
777
9
453
648
95 385
506
212
455 252
778
918 876
454 61
713
818 763
145
516
980 578
892 69
260
910 587
446
203
774 695
102 244
605
177
748
738
513 466
470 999
992
896
211
210
731 259
319
702
483
826
3
328
938
72 573
609 452
885 359
481 620
417 958
916 612
644
164
64 327
387
548 758
276
881 940
622 974
426 214
28
342
380
239
364
355 635
744 806
112
422 253
125
962
174
639
154
843
680
887
823
845
54 932
265
367
963
728
878
11
361
480
206 909
120
433
412
300
188 270
172 124
640
87
629
245
711 384
742
769 169
952 752
676 912
566 55
734
756
675 44
950
308
796 99
631 953
735 793
884 600
190 163
406
585 150
787
13
527 495
122
215 146
641
900
626
473
346
614
607 321
352
733
268
298
645
486
192
292
509
775
557
293
833 105
550
972
618 981
445 15
311
83
127
532
610
875
43
828 670
38
663
998
208
372 86
96 770
0 512
436
537 338
299
224 871
633 262
91 572
519
623
869
990 101
423
969
534 630
379
197
849
370
520
832 586
280 82
225
354
92
596
296
22
946 337
287
555
594
431
863
790
827
647
893
681 382
886
961 40
428 345
522 883
320
526
33
954
229
459 432
583 726
835 601
927 872
504
408 474
402 619
592
132
844
508
39
389
903 306
48
420
63
757
716 31
411
113
621
652
375 47
468
410 579
693
451
374
8 686
220
951
523 59
381
755
94 12
301
448
709 155
499
70
362
934 137
152 407
247
921
895
679
677
6 868
700 80
978
867
852
678
217
390 800
559
771
727
165 982
117 660
971
106
434 237
890
666 494
130 547
231 751
855
460
50
57 437
219
729
196
462
369
661 643
24
740 123
283
664 518
917
103
207 51
139
636 128
575
549
558 114
761
493
131 995
281
336 388
282
649
935
515
401 824
93 2
16
314
230
159
682
358
650
831
804
802
227 173
815
142
360
303
732
334
615 414
472
261
29
286
634 856
937 304
764
905
870
312
529 496
377
249 717
405 126
753 545
754
704
238 427
829
926
326
134 866
865
939
235
798 562
507
646
213
505
272
232
741
391
924
119 528
762 991
162 510
475 501
933
398 67
344 673
730
20 808
858 521
624 805
233
18 386
4
627
720 783
409 464
305
489
416
773 449
194
514
672
539
861 943
747
936
786
606
42
718
144 552
348
10 665
834 988
657 697
315
692
341 920
776
461 52
554
181
638
842
584
694
966
913
956 273
967 88
568 266
62
97 443
563 392
316
7
246 156
814 897
668 76
613
171 285
351
719
109
560
65 750
654
288 825
690
200 413
5
556
279
291 911
479
371 929
591
898 108
589 290
689 175
567
983
722
170
81
616
78
278
395 295
653 478
429
148
931
184
611
687
553 36
877
899
254
309
393
882 248
274
25
121
860
822
588
378
766
277
671
949 269
424 394
862 603
149
604
904 580
945 157
830
68 659
147 221
656
30 482
331 226
714 891
662 498
765 399
599 977
313
525 993
19
322 182
450
535 218
180 223
801 458
471 837
655
324 651
418 846
715 236
839
469 901
143 703
140
836
986
317
435
772
347
799
444 685
335 32
167
166
442
191 674
264 577
107
497
271 376
908
536
564 965
251
189
820
325
310 984
712
160 857
447 151
141
89
294
979 517
994
187
66 598
502
745
199 873
185 256
807
725
216
602
243 985
658
98
541
851
944
785
365 115
794 684
441
425
888
438 968
457
902 415
551
363 104
739
90
373 476
193
500
343 330
791
955
907
736
85 524
477
854
240
136
922
976
850
34
21
161 698
46 582
874
996 542
574
488
209
970
788 781
333
779
491
691
439
811
1
964
853 58
258
241
705 625
430
889
803
403 138
465 84
41
440
746
879 250
275
307 696
74
383 484
997
546
864
880
35
77
743
987
56
