750
346
976
29
605
399 388
877
107
286
287
745
315
872 295
44 999
16
358
948
89
162 825
830
747
916 832
472
912 956
986
46 262
330 932
925
319
836
638
549
416
201
159
456
923
725
462
680
446
533
203
10 318
450
75
886
693
220
551
132
844
298
850
797 891
163 458
23
400
9
505
967 72
284
777
737 770
229
754
794 542
658
573 183
942
199 628
928 774
538
56
532
360
219
757
419 731
247
855
120
557
233
488
907
486
380
870
531
614
187
64 355
574
735 129
479
579 758
35
239
267
741
644
168 749
673 847
814 188
150 133
635 27
161 372
924
54 386
559
583 943
895
671
241
626
598 783
453
821
28
145
240
755
39
712
292
363 206
994
869
45
709 659
429
373 137
301
58 471
667
340
376 800
772
637 341
113
281
63
14
430
812
276
575
719
489
434 651
146 927
485
678
707
495 985
151 586
454 720
503 619
502
157 805
949 937
857 344
297 403
393
979 813
421
431
352
748
379
602
711 828
525 165
364
415 244
666 88
684 371
550
694
177
756
753 438
274
824 853
389
718
323
196
134 866
156 689
901 858
160 383
993 862
464 252
396
959
791
910 501
412
235
597
629
570
851
771
110
593
893
913
232
856 234
804
874
940 484
375 409
469 143
62
230
733
546
975
499
189
311
170
261
260
439
623
334
580 544
17
224 382
387
670 700
425
77
880
350 269
265
251
647
218 523
40 668
121
567
279
786
6 30
646
983
881 657
80 545
138 788
604
342
335 180
951
587 2
802
708
435
584
467
969
998
457
306 703
944
723
527 578
208
118 547
53 85
867
309
624 661
384 291
515
785
25
449 321
560
537 422
510 806
848
784
34
822
625 973
377
899
140
473
565
443 834
801 566
732
491
698 522
654
184
713
302
272
349
141
931
195 952
780
919 876
480
71 552
392 838
817 920
437 902
555
710 288
933
690
687
863
332
977 204
24
596
534 609
91 51
727
401 798
701 310
730
837 407
362
900
782 57
799
154
294
268
961 398
109
603 618
649
769 402
142
529 94
890
995 182
128 882
833 114
642
290 414
250 861
440
613
908
190 759
849
939
122
211
894 653
316
763 69
293
926
381
724
152 214
223 359
554
541
662 562
366 581
827
692
331 365
413 116
441
507
820
743
620 31
864
209
592
255
885 577
98
871 513
588
634 590
3
655
242 589
103
423
285 958
865
761
650
493
892 564
496 685
395 445
258
594
520
852
887
946 338
100
839
222
617 945
934 717
460
691
736
809
868 172
173 789
779
426 124
127
918 264
102 726
517 385
327 582
213
158 816
987
130 153
447 117
186
405 147
361
762 238
406
253 695
935
205
669
938
842
766
254
815
468
197
164
174
448
888
972
829
217
632 227
526
266 104
835 615
374
917
964
78
411
139
463
307 185
608 980
696 715
705 474
966
478 108
648
4
82 751
807
70
897 345
256 65
675 492
826
585 846
47 236
245
896
607 424
67 59
645
216
854
215 981
663
808 721
641
348
210
320
512 884
970
606
909 676
378
106
660 427
339 115
767
451
283
328
176
947 988
303
299
509
83
677
391
978
212
599 461
329
354
823
497
688
640
729
68 841
630 273
873 568
19
764
561
433
228
50
875
914
500
665 572
166
831
5
296
86 543
61 898
11
514
22
111
494 246
576
60
508
275
879 79
610
305
487 49
257 911
728
347
337 0
178
149
351
739
436
878
368 984
504
125
746
742
843
768
775
706
516
289 697
997
511 249
477
506
13
73
793 418
481 101
397
968 553
369
996 915
226 408
612 521
357
905
1
420
845
90
308
32 622
621
135
394 131
76 200
194
169 991
353 795
803
326
317
237 601
278
48
962
300
304 428
548 760
277
92
611
859
889
679
155 498
93 957
738
74
312
652
965 953
404
600 466
136
722
682
356
52 417
971
752 432
906
840 15
41
37 476
778
171 144
656
530
193
410 248
167
207 324
790
921
12 191
776
702
810 929
591
716 664
84 18
43
982 750
325
536
704
123 96
781 95
734
175 444
744 535
370
42
903 528
81
714 595
519
442
773 796
930 960
33
112
616
683 643
941 563
787
66 343
631 36
950
280 271
8 390
483
465 571
860
21
627
148
681 558
26 974
202
7
99 455
819
459 518
259 231
992
936
333
740 452
470 636
569
540
556
792
119 633
263 105
336 221
87
314
38
192
322 699
482 270
97 20
367
181
989
818 883
313
639
198 126
674 765
539
904 55
955
672
475 524
811
963
954
922
179
225
990 686
490 243
282
