750
258
422 253
935
358
540
314
948
775
201
229
187
33
508
631 953
724
638
94 12
884 600
228
551
404
810 749
283
848
282
979 517
954
136
34
133 973
575
149
539
507
989
352
529 496
491
326
140
409 464
798 562
694
472
281
788 781
936
980 578
429
50
721 699
199 873
170
379
374
159
30 482
160 857
811
397
186
708
668 76
480
680
212
830
678
847 571
672
533
461 52
681 382
42
121
852
718
550
840 511
276
939
320
606
336 388
23
144 552
353 116
242 930
162 510
861 943
203
9
454 61
976
456
5
164
500
801 458
372 86
79 492
95 385
889
6 868
559
110
923
904 580
152 407
867
278
970
864
435
834 988
319
365 115
787
0 512
730
222
436
421
898 108
363 104
737 894
764
13
286
757
118 957
774 695
881 940
563 392
599 977
942
77
826
693
682
921
245
535 218
265
92
676 912
791
191 674
411
712
26 37
531
961 40
154
555
298
375 47
548 758
192
369
143 703
468
649
367
753 545
875
608 350
418 846
656
812
85 524
986
488
78
640
615 414
644
351
851
183 129
786
296
618 981
342
410 579
944
127
161 698
291 911
997
462
777
178
907
64 327
761
814 897
756
537 338
53 759
112
886
691
560
442
395 295
373 476
210
623
637 617
671
267
370
311
819
645
675 44
247
240
184
254
335 32
185 256
591
870
869
768
73
896
733
882 248
853 58
416
553 36
614
978
62
584
711 384
331 226
417 958
211
241
277
821
457
713
383 484
343 330
609 452
546
390 800
239
301
412
305
925
723
916 612
207 51
268
165 982
249 717
357
24
324 651
784
766
21
731 259
426 214
465 84
924
179
797 503
420
28
519
705 625
17
217
158 915
960 289
389
639
39
835 601
509
279
983
931
735 793
967 88
490 198
180 223
455 252
760 789
633 262
477
782 195
776
91 572
994
895
25
874
341 920
969
900
809
29
585 150
959
206 909
534 630
568 266
541
544 632
431
662 498
734
103
448
134 866
836
538
634 856
569
593
202
652
878
860
627
863
396
629
589 290
406
677
167
865
433
313
171 285
328
704
233
880
83
97 443
945 157
755
605
720 783
702
194
905
523 59
66 598
460
725
879 250
4
622 974
722
567
714 891
658
117 660
950
440
536
174
841 817
690
663
196
952 752
504
90
689 175
556
908
843
576
430
561
20 808
215 146
951
111
790
41
68 659
489
592
780
271 376
459 432
850
360
56
45
308
356
736
377
769 169
754
621
322 182
820
153 204
344 673
93 2
877
604
302
887
387
566 55
827
148
109
610
839
130 547
549
499
653 478
654
329
475 501
700 80
332
231 751
288 825
318 941
113
795 543
325
132
300
139
7
526
918 876
892 69
405 126
303
862 603
340
794 684
310 984
854
14
602
832 586
596
106
822
349
451
87
102 244
447 151
743
530
27 257
740 123
642
8 686
859
398 67
193
709 155
213
362
71 168
650
481 620
778
120
616
581 263
205
176
583 726
292
815
408 474
514
590 683
471 837
10 665
48
18 386
744 806
63
378
393
669
926
655
946 337
732
235
767
747
272
773 449
312
992
738
716 31
364
261
72 573
739
844
626
893
403 138
955
402 619
771
100
803
1
200 413
400
147 221
445 15
348
597
323
172 124
216
446
829
96 770
890
574
648
224 871
565
910 587
16
741
707
225
990 101
453
818 763
166
742
902 415
493
307 696
317
664 518
368 366
486
998
219
516
209
347
11
679
641
899
142
762 991
816 628
57 437
485
646
687
858 521
208
135
450
938
831
293
513 466
624 805
745
243 985
949 269
425
527 495
38
934 137
316
765 399
333
914
667
125
470 999
729
473
917
380
937 304
746
299
43
588
190 163
966
833 105
122
506
181
334
98
119 528
467
46 582
956 273
611
522 883
3
264 577
355 635
804
438 968
315
842
197
558 114
785
354
227 173
469 901
964
520
666 494
855
381
339 928
439
796 99
70
807
636 128
22
996 542
933
19
975
903 306
688
284
972
49 419
297 838
238 427
657 697
479
927 872
802
845
906
919 595
885 359
423
280 82
401 824
232
772
779
424 394
74
570
661 643
141
728
719
251
35
532
748
613
275
849
525 993
497
81
706
189
947 813
792
888
971
441
220
554
505
557
987
230
75
391
444 685
234 701
89
54 932
963
710 487
463
823
60
309
260
255
65 750
715 236
594
515
188 270
913
434 237
502
177
962
727
799
246 156
145
428 345
564 965
828 670
346
107
287
371 929
692
294
361
922
274
607 321
647
131 995
483
