750
753 545
662 498
425
62
329
184
393
142
322 182
704
70
689 175
568 266
561
185 256
831
353 116
209
724
608 350
89
320
607 321
946 337
727
288 825
621
453
219
375 47
107
53 759
996 542
709 155
284
812
756
589 290
145
864
599 977
365 115
972
6 868
149
757
193
790
539
43
746
708
554
725
164
479
48
402 619
765 399
730
143 703
680
809
936
768
309
490 198
834 988
529 496
28
383 484
367
424 394
344 673
19
480
575
240
832 586
23
741
197
616
722
18 386
5
16
961 40
211
507
748
975
971
134 866
135
917
243 985
713
908
537 338
368 366
133 973
927 872
232
667
631 953
360
870
212
819
489
779
491
436
715 236
60
827
978
456
144 552
516
109
847 571
623
93 2
937 304
963
210
261
239
736
801 458
638
346
29
439
874
430
987
97 443
92
255
387
247
297 838
423
208
692
959
292
990 101
318 941
57 437
712
613
979 517
934 137
769 169
462
245
862 603
843
20 808
301
111
890
553 36
275
865
339 928
446
647
522 883
624 805
445 15
515
755
455 252
159
170
65 750
499
312
634 856
317
429
147 221
451
760 789
548 758
45
100
122
389
265
681 382
435
508
820
861 943
323
615 414
241
440
881 940
677
707
798 562
893
609 452
892 69
81
910 587
454 61
902 415
969
535 218
158 915
997
641
364
557
899
650
588
895
854
260
167
869
296
378
782 195
505
637 617
63
468
788 781
966
391
463
121
254
117 660
841 817
863
22
4
400
666 494
227 173
162 510
207 51
723
334
551
794 684
85 524
739
349
87
277
835 601
761
64 327
230
181
274
200 413
896
153 204
316
390 800
335 32
992
96 770
294
786
276
661 643
767
196
308
754
352
444 685
397
9
792
354
422 253
729
49 419
671
396
315
853 58
258
816 628
348
519
549
35
220
649
504
948
249 717
513 466
690
355 635
629
926
502
836
602
888
747
740 123
113
485
416
0 512
541
110
342
851
970
203
428 345
944
720 783
77
206 909
702
852
525 993
540
189
431
885 359
544 632
472
333
136
829
56
83
66 598
933
923
154
815
438 968
177
24
1
656
648
731 259
311
956 273
406
139
919 595
998
776
98
784
733
371 929
271 376
310 984
884 600
980 578
379
906
626
293
377
361
822
300
774 695
13
877
882 248
186
324 651
287
500
3
148
441
166
351
802
803
737 894
106
412
404
401 824
614
945 157
880
231 751
246 156
238 427
645
914
986
225
264 577
766
951
875
924
939
326
644
307 696
826
811
744 806
27 257
721 699
694
94 12
675 44
592
925
918 876
25
960 289
281
618 981
127
205
341 920
964
418 846
538
398 67
903 306
693
584
493
855
268
952 752
531
688
705 625
799
804
860
411
682
183 129
102 244
118 957
286
483
362
279
21
606
434 237
771
668 76
560
814 897
569
448
889
559
633 262
319
217
706
565
39
669
235
657 697
886
50
467
433
900
372 86
280 82
78
916 612
17
358
653 478
732
120
190 163
734
622 974
165 982
762 991
564 965
842
188 270
942
867
224 871
967 88
728
905
75
194
347
791
807
556
672
796 99
192
172 124
785
131 995
41
536
343 330
381
574
459 432
222
938
215 146
700 80
141
199 873
566 55
679
33
417 958
664 518
79 492
983
216
555
594
373 476
331 226
74
583 726
481 620
191 674
282
470 999
590 683
298
8 686
405 126
718
773 449
54 932
523 59
332
325
931
716 31
95 385
497
395 295
994
887
848
119 528
302
112
636 128
593
234 701
160 857
201
420
299
313
591
777
336 388
305
471 837
833 105
409 464
202
921
473
38
213
563 392
460
610
567
410 579
844
68 659
859
140
477
772
403 138
840 511
597
447 151
465 84
130 547
42
676 912
533
738
408 474
369
687
152 407
858 521
314
450
171 285
878
534 630
90
421
558 114
26 37
947 813
283
34
639
509
898 108
950
627
828 670
370
527 495
787
161 698
955
907
187
132
850
764
678
303
72 573
604
442
742
976
514
11
103
267
605
989
530
663
922
949 269
340
30 482
913
714 891
475 501
278
233
251
797 503
823
954
46 582
691
585 150
272
642
125
328
735 793
810 749
363 104
658
830
711 384
506
229
778
743
821
581 263
655
818 763
10 665
646
839
596
532
71 168
520
780
849
356
652
380
904 580
174
357
469 901
719
426 214
457
570
710 487
935
550
178
654
546
7
176
611
795 543
488
461 52
640
845
180 223
486
73
14
962
745
242 930
228
291 911
179
879 250
91 572
775
526
576
374
