750
587 2
692
301
284
196
763 69
736
405 147
688
29
251
872 295
680
623
912 956
931
41
746
773 796
111
815
640
570
503 619
549
982 750
593
625 973
220
483
347
173 789
604
702
92
998
600 466
184
333
550
939
215 981
119 633
530
274
39
848
80 545
682
919 876
459 518
305
768
352
467
225
704
663
621
951
694
605
850
738
769 402
219
995 182
630 273
487 49
334
91 51
237 601
380
260
181
488
989
157 805
743
508
598 783
969
516
303
940 484
32 622
97 20
3
857 344
313
993 862
389
617 945
706
286
900
22
127
42
130 153
766
959
314
168 749
814 188
315
655
996 915
723
576
290 414
134 866
908
667
47 236
947 988
565
98
259 231
210
330 932
610
771
525 165
439
548 760
56
93 957
493
285 958
361
556
495 985
710 288
785
775
722
569
594
777
810 929
890
239
642
28
53 85
698 522
607 424
178
921
433
413 116
364
325
979 813
363 206
366 581
44 999
896
764
148
491
316
74
38
948
448
762 238
575
938
309
727
811
616
11
169 991
532
514
511 249
48
673 847
687
21
520
109
583 943
212
781 95
164
836
151 586
140
724
634 590
705 474
967 72
854
881 657
626
540
860
887
82 751
752 432
930 960
107
827
112
880
859
416
526
216
223 359
419 731
156 689
189
335 180
23
451
787
76 200
708
378
976
375 409
171 144
629
102 726
740 452
152 214
734
830
120
611
292
889
17
460
431
926
159
86 543
276
955
357
907
425
879 79
839
954
241
440
263 105
647
441
972
608 980
350 269
396
121
645
728
909 676
620 31
505
253 695
790
370
631 36
415 244
142
845
802
266 104
878
649
336 221
794 542
50
255
835 615
718
745
170
166
916 832
844
456
719
211
486
818 883
665 572
332
660 427
696 715
737 770
966
624 661
941 563
913
242 589
555
176
531
8 390
287
454 720
337 0
510 806
481 101
541
19
480
987
778
348
442
163 458
465 571
970
99 455
90
855
154
506
110
235
311
457
707
612 521
277
224 382
435
125
399 388
817 920
681 558
925
669
118 547
410 248
716 664
580 544
537 422
300
160 383
928 774
868 172
14
739
70
473
282
469 143
935
141
7
5
632 227
990 686
218 523
933
497
690
644
81
780
875
867
447 117
808 721
670 700
155 498
946 338
205
354
150 133
406
367
446
904 55
103
312
478 108
208
106
138 788
515
280 271
222
113
591
786
662 562
512 884
799
502
145
833 114
421
66 343
596
877
472
865
755
201
197
822
588
614
362
519
177
132
557
735 129
479
843
997
983
63
871 513
646
650
772
268
283
60
950
477
942
864
654
229
46 262
819
13
149
637 341
885 577
360
797 891
906
52 417
339 115
784
308
67 59
714 595
917
856 234
823
71 552
499
136
374
261
482 270
443 834
791
761
358
826
327 582
968 553
470 636
62
420
26 974
509
346
289 697
195 952
674 765
281
423
534 609
175 444
254
4
517 385
539
61 898
801 566
376 800
122
436
559
732
899
187
450
949 937
485
194
233
434 651
412
729
936
584
9
267
464 252
139
135
602
240
730
527 578
297 403
247
322 699
666 88
58 471
401 798
294
87
34
677
767
397
804
742
64 355
756
1
821
691
638
944
977 204
174
392 838
250 861
179
356
888
83
701 310
275
161 372
186
500
978
599 461
381
536
829
217
77
863
684 371
258
837 407
373 137
975
551
683 643
820
613
387
870
489
391
369
923
54 386
213
914
807
199 628
744 535
733
924
377
709 659
35
895
43
73
379
490 243
603 618
342
256 65
824 853
426 124
158 816
232
851
713
886
319
894 653
779
33
430
393
994
226 408
658
100
84 18
546
10 318
585 846
299
331 365
475 524
123 96
842
671
869
560
306 703
792
574
40 668
78
971
198 126
437 902
278
395 445
812
504
992
901 858
782 57
351
328
803
852
384 291
533
986
538
230
349
496 685
368 984
293
748
725
964
68 841
831
903 528
146 927
561
463
567
128 882
793 418
394 131
304 428
24
934 717
45
963
468
757
776
606
404
753 438
162 825
507
453
641
193
12 191
302
639
329
873 568
203
592
905
554
693
910 501
597
25
675 492
712
429
627
579 758
257 911
89
874
892 564
449 321
893
741
353 795
265
678
635 27
340
849
167
317
298
573 183
245
747
679
209
296
648
961 398
192
962
272
228
918 264
411
37 476
652
190 759
965 953
754
320
207 324
672
840 15
462
922
400
307 185
656
809
494 246
326
16
711 828
323
202
279
897 345
529 94
75
6 30
