750
794 684
646
640
898 108
225
878
556
784
692
240
738
403 138
42
690
481 620
66 598
294
18 386
241
379
719
908
671
917
441
895
454 61
212
29
839
48
356
921
951
509
274
637 617
810 749
557
606
65 750
777
179
369
861 943
892 69
575
362
405 126
130 547
148
188 270
514
736
264 577
714 891
184
668 76
653 478
120
361
667
935
978
460
412
979 517
771
311
525 993
410 579
622 974
870
318 941
715 236
862 603
954
826
887
946 337
722
711 384
336 388
310 984
109
228
663
900
344 673
735 793
563 392
125
73
767
821
180 223
421
654
50
879 250
593
239
864
418 846
422 253
961 40
627
970
197
315
840 511
227 173
27 257
924
371 929
121
83
903 306
480
664 518
553 36
709 155
753 545
955
731 259
798 562
411
983
305
10 665
473
567
756
33
444 685
90
959
100
324 651
4
513 466
174
780
352
205
79 492
118 957
209
288 825
987
854
848
235
426 214
373 476
681 382
34
136
546
147 221
629
644
423
713
531
532
966
616
142
874
677
111
561
814 897
167
641
162 510
890
925
95 385
113
17
245
554
149
597
400
885 359
576
884 600
210
152 407
390 800
275
158 915
299
631 953
485
950
370
535 218
742
743
538
172 124
831
357
989
913
308
93 2
231 751
72 573
702
830
803
905
141
853 58
621
177
682
456
230
772
465 84
755
944
773 449
910 587
140
787
614
186
341 920
202
271 376
181
986
132
280 82
675 44
649
159
574
589 290
312
85 524
842
234 701
296
721 699
835 601
353 116
687
550
448
433
688
457
608 350
243 985
11
833 105
662 498
133 973
374
704
720 783
194
718
922
200 413
107
744 806
287
786
636 128
28
215 146
845
471 837
5
706
81
997
286
723
3
934 137
875
459 432
439
490 198
192
62
849
229
206 909
360
479
812
904 580
647
505
508
284
942
216
880
486
527 495
599 977
39
906
232
639
364
791
265
558 114
565
470 999
533
855
166
333
292
8 686
529 496
534 630
447 151
730
669
980 578
610
832 586
417 958
700 80
258
342
319
963
790
728
247
737 894
428 345
268
623
996 542
207 51
588
936
967 88
282
836
761
293
522 883
769 169
506
281
435
153 204
326
549
119 528
242 930
679
211
25
49 419
488
68 659
102 244
425
860
741
103
782 195
191 674
358
380
22
445 15
937 304
339 928
811
468
956 273
46 582
201
976
297 838
865
19
969
939
367
63
652
596
161 698
776
185 256
594
9
393
815
499
127
765 399
434 237
461 52
539
467
604
762 991
267
729
54 932
349
208
747
732
504
551
548 758
75
754
740 123
530
0 512
851
261
219
964
914
889
251
746
26 37
678
998
381
497
566 55
938
41
877
829
858 521
98
6 868
680
975
348
931
291 911
332
475 501
395 295
165 982
409 464
893
397
57 437
863
89
408 474
540
727
519
401 824
199 873
176
491
300
96 770
446
607 321
316
30 482
20 808
705 625
882 248
391
404
822
972
602
716 31
396
277
507
64 327
816 628
886
134 866
313
463
110
23
804
398 67
328
74
918 876
77
431
927 872
792
609 452
21
325
462
779
303
634 856
952 752
694
962
624 805
117 660
489
847 571
926
661 643
323
94 12
672
451
429
841 817
648
220
537 338
852
91 572
990 101
189
555
725
844
605
585 150
516
850
453
122
869
764
56
329
748
224 871
213
78
187
145
43
796 99
971
795 543
745
881 940
960 289
676 912
438 968
774 695
570
238 427
768
645
613
945 157
584
766
843
820
354
60
346
541
708
689 175
666 494
642
416
249 717
520
322 182
899
523 59
618 981
13
171 285
378
389
477
112
278
7
375 47
331 226
87
483
500
455 252
657 697
827
283
317
196
785
633 262
139
217
710 487
402 619
788 781
45
450
581 263
222
340
383 484
144 552
626
948
888
16
778
828 670
615 414
809
35
347
947 813
734
526
807
712
691
424 394
802
515
160 857
436
564 965
255
819
71 168
658
650
801 458
233
272
203
302
190 163
919 595
916 612
183 129
739
760 789
655
351
638
246 156
92
757
591
568 266
430
365 115
590 683
164
387
583 726
368 366
355 635
469 901
493
799
276
279
707
867
314
823
834 988
923
307 696
170
298
818 763
859
320
260
896
143 703
560
907
334
949 269
693
559
372 86
442
154
193
377
14
135
53 759
309
775
301
933
569
733
97 443
254
544 632
106
536
420
70
797 503
724
178
440
992
406
592
472
343 330
994
335 32
38
1
131 995
502
611
363 104
24
656
902 415
