750
391
261
159
339 928
887
712
593
828 670
368 366
714 891
556
899
361
896
604
219
962
705 625
17
766
847 571
192
93 2
821
691
761
969
94 12
520
193
678
161 698
433
827
987
815
568 266
867
713
329
956 273
272
648
442
885 359
561
526
963
152 407
488
450
743
879 250
340
581 263
843
335 32
454 61
451
614
948
768
267
457
23
978
607 321
840 511
937 304
549
158 915
764
704
393
801 458
448
308
468
191 674
480
185 256
462
473
548 758
647
239
217
333
835 601
235
869
850
314
950
707
538
319
378
799
854
0 512
966
98
298
85 524
959
522 883
820
491
666 494
46 582
886
194
143 703
842
225
439
605
746
53 759
401 824
944
400
275
147 221
416
441
537 338
889
507
271 376
919 595
716 31
165 982
42
331 226
514
796 99
10 665
196
6 868
209
417 958
706
242 930
627
979 517
621
779
351
849
949 269
288 825
303
160 857
141
176
922
203
936
301
996 542
89
120
375 47
358
215 146
276
634 856
692
370
733
343 330
650
567
447 151
21
584
328
790
356
672
121
629
669
918 876
410 579
119 528
804
309
689 175
508
320
404
103
851
277
509
188 270
623
675 44
998
398 67
861 943
390 800
933
268
66 598
791
207 51
903 306
389
149
961 40
964
709 155
531
795 543
877
233
355 635
606
786
469 901
921
589 290
972
700 80
430
708
756
576
281
534 630
139
809
775
874
134 866
485
935
546
810 749
803
853 58
785
653 478
336 388
232
280 82
297 838
241
130 547
24
731 259
864
618 981
264 577
646
616
902 415
60
500
246 156
992
287
551
776
533
544 632
362
278
181
814 897
293
566 55
836
409 464
374
445 15
73
428 345
408 474
311
65 750
383 484
497
591
460
348
880
736
322 182
925
222
324 651
663
870
421
913
292
227 173
599 977
245
313
300
183 129
405 126
649
679
741
396
753 545
767
212
74
502
70
412
681 382
26 37
565
131 995
95 385
742
299
62
326
310 984
28
535 218
230
231 751
79 492
426 214
387
444 685
1
888
914
81
13
206 909
346
34
490 198
205
640
637 617
906
939
744 806
829
721 699
477
162 510
22
315
916 612
947 813
371 929
994
917
536
807
342
140
341 920
178
423
757
18 386
923
75
975
265
211
884 600
229
641
858 521
834 988
274
662 498
505
633 262
555
122
164
780
745
845
797 503
557
4
479
349
318 941
481 620
585 150
87
658
609 452
986
682
459 432
431
860
787
784
78
142
904 580
812
249 717
106
878
63
135
41
719
148
260
859
16
735 793
258
360
475 501
622 974
153 204
377
569
583 726
945 157
782 195
831
769 169
951
461 52
136
832 586
56
220
112
25
208
527 495
839
730
216
189
100
550
316
668 76
895
563 392
762 991
14
822
302
19
197
133 973
610
234 701
667
655
29
875
97 443
664 518
456
848
254
631 953
486
592
434 237
642
323
352
64 327
438 968
688
354
539
373 476
938
48
402 619
554
516
39
983
43
483
772
5
38
597
90
201
379
365 115
559
325
645
575
771
513 466
841 817
372 86
283
3
907
760 789
671
710 487
213
71 168
971
243 985
737 894
224 871
72 573
694
955
45
732
54 932
529 496
110
282
946 337
251
970
739
818 763
924
380
515
654
734
676 912
865
844
525 993
952 752
602
424 394
976
397
49 419
997
594
738
472
240
532
422 253
425
117 660
830
802
172 124
608 350
92
171 285
118 957
833 105
893
144 552
11
774 695
429
420
83
77
905
723
68 659
403 138
364
908
693
570
406
960 289
855
312
7
931
826
553 36
852
823
702
279
954
530
926
794 684
519
881 940
898 108
132
588
523 59
247
506
102 244
411
91 572
560
9
892 69
863
305
294
317
690
199 873
615 414
418 846
656
284
436
125
344 673
967 88
96 770
57 437
540
186
200 413
381
113
210
353 116
493
455 252
180 223
465 84
638
613
446
367
657 697
435
541
167
590 683
357
504
33
470 999
942
228
463
255
170
816 628
980 578
296
677
639
728
238 427
927 872
765 399
724
202
626
453
8 686
773 449
754
334
20 808
748
286
747
729
363 104
109
145
680
30 482
715 236
50
934 137
187
882 248
184
777
154
332
489
611
989
111
811
467
440
499
27 257
755
166
564 965
291 911
395 295
788 781
179
644
307 696
900
819
574
127
471 837
347
661 643
652
596
862 603
177
792
190 163
174
725
798 562
624 805
107
711 384
740 123
35
718
727
778
890
722
558 114
687
369
720 783
636 128
910 587
990 101
