750
412
762 991
880
778
711 384
799
631 953
240
694
301
934 137
675 44
71 168
555
96 770
820
877
167
145
299
417 958
140
20 808
38
537 338
906
862 603
193
21
972
672
786
926
815
148
296
852
583 726
714 891
519
370
768
902 415
849
634 856
374
225
158 915
559
967 88
736
383 484
325
360
281
831
439
152 407
744 806
641
594
91 572
18 386
721 699
596
183 129
444 685
652
730
390 800
339 928
297 838
604
271 376
333
177
848
421
456
747
931
638
423
688
566 55
445 15
302
822
889
671
19
53 759
780
720 783
942
212
935
590 683
997
774 695
531
408 474
324 651
782 195
216
715 236
766
535 218
790
754
650
149
677
867
581 263
536
310 984
389
463
186
402 619
404
854
933
480
11
90
111
401 824
349
514
761
483
733
235
888
740 123
316
39
261
232
68 659
288 825
277
74
568 266
945 157
970
42
320
646
707
434 237
653 478
166
64 327
727
956 273
951
575
818 763
358
189
63
548 758
461 52
706
56
550
898 108
342
107
1
657 697
561
887
658
905
755
196
802
689 175
927 872
314
605
491
95 385
913
869
500
788 781
13
136
814 897
666 494
291 911
922
134 866
260
210
796 99
247
704
527 495
992
24
676 912
446
975
731 259
499
593
515
190 163
662 498
904 580
589 290
723
554
135
828 670
987
588
473
133 973
936
816 628
286
162 510
102 244
365 115
637 617
798 562
745
121
895
669
919 595
144 552
208
393
373 476
553 36
228
879 250
563 392
615 414
718
425
827
227 173
753 545
656
122
405 126
435
391
549
125
459 432
947 813
769 169
274
910 587
29
255
363 104
843
490 198
983
481 620
525 993
49 419
264 577
142
267
203
130 547
147 221
844
318 941
328
187
471 837
509
14
502
611
737 894
416
667
438 968
485
113
599 977
81
693
258
154
713
118 957
976
185 256
97 443
907
372 86
454 61
794 684
25
395 295
986
293
556
176
708
606
191 674
313
356
300
811
298
467
633 262
892 69
343 330
462
429
776
896
207 51
870
460
804
311
826
971
431
397
847 571
961 40
10 665
292
332
663
188 270
734
533
522 883
567
851
79 492
308
153 204
400
35
469 901
836
830
541
312
87
507
202
784
209
16
46 582
279
354
28
602
78
329
234 701
835 601
964
72 573
211
937 304
62
807
504
205
355 635
424 394
70
411
829
334
251
83
65 750
352
170
315
284
924
526
757
978
979 517
428 345
206 909
855
353 116
702
777
647
520
317
283
180 223
233
850
607 321
819
422 253
949 269
98
513 466
371 929
585 150
418 846
303
5
618 981
705 625
323
201
616
347
534 630
728
946 337
742
916 612
614
92
364
488
172 124
558 114
938
642
610
890
276
732
719
319
772
738
864
917
450
410 579
30 482
110
220
66 598
50
765 399
132
921
875
960 289
231 751
377
94 12
239
178
861 943
608 350
275
746
27 257
403 138
508
127
944
159
341 920
375 47
34
192
357
914
950
489
181
346
362
741
994
700 80
523 59
908
143 703
348
639
380
569
739
884 600
863
756
678
724
60
331 226
795 543
680
246 156
369
106
682
335 32
409 464
213
457
725
33
217
649
530
668 76
691
479
197
73
387
243 985
801 458
9
184
368 366
998
336 388
654
948
222
623
722
853 58
0 512
43
272
477
278
103
592
591
989
139
379
75
661 643
539
557
797 503
538
613
760 789
242 930
440
7
574
839
923
165 982
729
771
681 382
570
952 752
959
160 857
858 521
640
626
420
773 449
100
406
874
833 105
516
810 749
6 868
4
131 995
268
791
764
305
265
48
622 974
161 698
821
164
448
779
472
809
621
823
735 793
841 817
712
664 518
77
925
451
229
224 871
882 248
690
840 511
532
787
493
544 632
954
767
624 805
506
966
89
775
378
426 214
282
900
309
881 940
648
442
475 501
22
893
996 542
885 359
436
17
468
812
564 965
57 437
230
441
174
141
200 413
655
8 686
878
23
743
709 155
969
834 988
326
120
398 67
219
584
955
990 101
687
249 717
859
340
119 528
322 182
962
367
455 252
939
903 306
351
447 151
287
280 82
453
560
54 932
551
45
540
505
803
785
886
344 673
609 452
307 696
294
241
361
980 578
529 496
692
93 2
865
465 84
644
194
636 128
546
238 427
710 487
109
963
679
832 586
85 524
433
112
597
3
645
629
486
396
918 876
199 873
497
430
117 660
576
565
179
716 31
748
845
627
171 285
381
254
899
215 146
470 999
792
26 37
842
245
41
860
