750
639
592
43
635 27
212
897 345
737 770
64 355
812
610
905
925
161 372
949 937
624 661
708
752 432
308
74
84 18
559
83
495 985
33
930 960
682
196
152 214
975
831
297 403
583 943
705 474
274
136
157 805
192
641
606
352
570
843
849
778
323
392 838
442
454 720
602
735 129
412
864
29
350 269
155 498
464 252
468
60
850
903 528
89
52 417
260
25
266 104
26 974
93 957
369
935
824 853
702
305
87
441
197
875
890
360
289 697
134 866
598 783
931
990 686
35
377
47 236
66 343
756
268
263 105
469 143
54 386
8 390
98
366 581
670 700
863
348
210
446
267
145
917
652
80 545
198 126
401 798
995 182
97 20
707
938
478 108
918 264
67 59
807
349
823
275
854
554
821
599 461
630 273
855
650
986
346
63
924
362
596
205
413 116
509
11
979 813
193
364
276
400
611
170
265
199 628
665 572
835 615
942
672
833 114
516
962
593
405 147
319
447 117
540
107
82 751
681 558
961 398
278
118 547
642
784
886
5
504
397
283
241
654
420
579 758
423
719
573 183
391
811
491
38
600 466
638
872 295
948
450
62
869
123 96
272
138 788
356
149
692
42
50
122
415 244
53 85
820
311
451
292
16
910 501
845
865
140
322 699
507
972
477
713
125
560
410 248
76 200
887
503 619
660 427
851
463
933
612 521
658
40 668
941 563
822
251
61 898
14
881 657
992
255
873 568
870
475 524
856 234
389
327 582
791
73
68 841
773 796
748
620 31
718
575
818 883
336 221
916 832
497
181
309
871 513
629
111
677
416
342
202
722
130 153
537 422
142
10 318
13
701 310
154
257 911
226 408
647
614
56
78
332
678
551
632 227
763 69
567
955
110
741
515
394 131
727
852
106
810 929
489
830
994
761
998
627
378
223 359
529 94
151 586
591
281
885 577
287
90
680
604
216
964
363 206
704
940 484
21
520
580 544
240
799
139
711 828
510 806
502
976
245
330 932
340
429
230
399 388
880
4
358
457
970
514
762 238
233
594
532
370
671
899
220
9
896
640
874
411
617 945
819
284
261
764
605
944
631 36
895
792
146 927
546
539
347
3
37 476
313
178
487 49
317
967 72
959
634 590
211
754
374
667
23
926
430
58 471
793 418
648
696 715
19
312
893
790
954
77
780
829
684 371
779
837 407
977 204
747
109
963
815
733
868 172
41
550
533
254
384 291
922
769 402
195 952
167
644
208
135
923
176
675 492
280 271
286
878
710 288
395 445
440
186
141
817 920
70
224 382
435
511 249
690
848
298
314
908
906
745
768
419 731
396
209
1
555
480
889
663
527 578
698 522
597
740 452
969
549
222
757
179
301
100
517 385
119 633
17
691
860
621
250 861
753 438
443 834
826
112
771
608 980
201
743
734
482 270
12 191
426 124
777
479
164
163 458
867
565
448
486
247
453
688
840 15
334
801 566
623
914
508
81
258
809
156 689
576
488
901 858
328
946 338
190 759
237 601
637 341
256 65
174
934 717
772
351
683 643
113
541
293
331 365
45
493
781 95
978
335 180
951
716 664
253 695
232
723
431
166
290 414
714 595
213
669
225
836
120
406
337 0
512 884
694
538
103
44 999
376 800
460
228
879 79
888
470 636
217
128 882
857 344
333
39
662 562
148
436
296
307 185
99 455
666 88
496 685
738
706
730
907
982 750
827
649
499
207 324
794 542
494 246
7
465 571
393
877
939
75
357
919 876
996 915
804
259 231
655
320
456
481 101
802
673 847
585 846
421
368 984
755
437 902
425
574
203
983
526
947 988
894 653
936
971
373 137
965 953
279
354
709 659
46 262
285 958
613
219
839
989
625 973
616
587 2
485
22
127
173 789
913
171 144
404
433
71 552
353 795
968 553
459 518
160 383
900
787
744 535
626
674 765
904 55
235
928 774
121
473
531
534 609
28
387
304 428
380
329
584
218 523
776
909 676
519
299
187
184
169 991
525 165
159
449 321
921
472
24
150 133
803
736
375 409
786
588
339 115
997
302
282
439
92
162 825
316
842
215 981
679
490 243
315
646
379
557
712
326
86 543
808 721
785
189
168 749
381
303
782 57
693
361
687
548 760
607 424
797 891
239
229
987
993 862
242 589
729
91 51
434 651
467
530
569
132
656
6 30
561
194
603 618
724
505
325
367
732
767
814 188
177
500
556
746
912 956
742
966
32 622
306 703
775
158 816
34
859
506
728
277
483
892 564
102 726
950
536
766
300
645
175 444
462
725
48
739
294
844
