750
849
48
73
155 498
293
914
735 129
506
5
139
325
698 522
303
951
874
298
378
701 310
976
934 717
747
320
258
213
473
360
404
34
772
468
496 685
10 318
109
823
630 273
538
92
329
138 788
286
756
150 133
154
229
446
966
895
617 945
784
979 813
405 147
470 636
240
775
177
893
833 114
122
247
773 796
54 386
637 341
540
375 409
454 720
86 543
512 884
780
894 653
305
967 72
786
99 455
196
17
778
831
889
722
867
886
969
836
896
487 49
373 137
971
840 15
885 577
587 2
837 407
300
584
938
488
592
190 759
33
121
261
559
711 828
539
146 927
963
514
412
691
337 0
224 382
393
975
857 344
596
366 581
4
292
510 806
308
804
802
443 834
890
674 765
430
376 800
102 726
56
603 618
226 408
281
401 798
640
267
843
423
64 355
944
935
268
173 789
505
212
734
928 774
103
283
480
197
464 252
807
333
500
50
507
207 324
348
354
257 911
887
285 958
687
225
91 51
152 214
203
181
457
961 398
311
655
694
516
315
767
741
447 117
160 383
790
627
145
370
752 432
169 991
616
406
656
71 552
76 200
113
68 841
429
39
107
900
672
136
707
638
413 116
959
588
332
218 523
198 126
766
740 452
860
508
754
228
817 920
762 238
52 417
652
511 249
555
163 458
919 876
490 243
855
517 385
441
605
335 180
357
781 95
277
575
178
635 27
84 18
546
520
80 545
368 984
978
135
47 236
312
854
612 521
307 185
502
708
439
449 321
704
356
842
669
215 981
362
602
451
397
340
812
782 57
38
660 427
334
815
62
11
829
536
663
764
712
923
879 79
620 31
327 582
43
40 668
322 699
90
216
157 805
282
625 973
579 758
331 365
274
97 20
716 664
910 501
233
119 633
827
63
8 390
239
347
570
156 689
149
475 524
948
132
709 659
304 428
710 288
374
125
933
202
888
561
19
994
729
26 974
389
924
892 564
684 371
941 563
529 94
369
219
797 891
1
477
456
968 553
162 825
644
411
690
425
995 182
192
497
364
319
265
534 609
158 816
209
670 700
201
573 183
600 466
467
433
925
926
906
75
880
593
677
650
193
811
916 832
493
87
611
330 932
176
3
728
779
992
128 882
869
130 153
678
25
771
604
260
296
533
294
946 338
614
904 55
803
964
792
977 204
309
742
863
23
175 444
955
361
392 838
32 622
901 858
658
350 269
377
679
724
81
220
835 615
16
381
167
922
485
680
746
35
509
141
29
537 422
287
195 952
199 628
776
791
410 248
78
733
632 227
830
567
351
897 345
921
730
940 484
254
436
859
519
755
851
824 853
580 544
289 697
865
787
908
41
844
814 188
391
250 861
526
682
878
845
598 783
809
278
998
353 795
352
654
768
527 578
187
148
683 643
856 234
705 474
60
912 956
66 343
647
186
864
583 943
718
313
667
818 883
594
463
918 264
42
482 270
459 518
53 85
871 513
28
396
142
24
380
939
421
785
6 30
237 601
495 985
666 88
930 960
649
106
442
230
93 957
623
297 403
349
302
725
317
936
525 165
159
639
134 866
565
606
997
531
551
58 471
585 846
738
822
665 572
727
671
481 101
965 953
478 108
713
732
826
45
420
626
989
164
714 595
950
74
870
675 492
235
748
232
820
284
479
161 372
118 547
387
82 751
599 461
61 898
642
777
110
987
673 847
504
793 418
990 686
179
205
515
259 231
530
850
554
839
757
395 445
917
899
629
89
745
67 59
645
251
737 770
306 703
608 980
37 476
569
328
557
549
739
290 414
646
301
852
12 191
903 528
753 438
696 715
431
821
648
7
275
363 206
913
848
255
83
299
241
556
168 749
151 586
174
465 571
548 760
440
810 929
272
460
947 988
872 295
819
613
877
98
127
13
634 590
574
245
123 96
494 246
316
532
962
194
450
210
256 65
326
426 124
489
486
170
358
448
419 731
189
217
693
560
171 144
314
223 359
970
681 558
416
597
744 535
808 721
801 566
873 568
70
983
263 105
184
323
692
140
336 221
399 388
46 262
942
367
954
222
931
208
276
993 862
763 69
794 542
982 750
472
769 402
688
868 172
706
491
437 902
112
875
641
736
624 661
996 915
986
972
342
949 937
434 651
77
743
662 562
631 36
435
400
503 619
253 695
384 291
550
339 115
591
120
610
607 424
9
44 999
723
905
280 271
909 676
621
211
719
499
462
799
21
576
394 131
22
279
14
907
453
881 657
702
541
761
379
346
166
111
483
469 143
100
415 244
266 104
242 589
