750
963
240
889
63
477
413 116
723
394 131
949 937
509
1
600 466
241
574
80 545
462
140
710 288
377
384 291
678
213
304 428
346
811
24
419 731
294
917
228
503 619
135
909 676
26 974
947 988
532
331 365
644
768
936
373 137
713
352
290 414
347
707
229
433
306 703
491
223 359
479
804
682
724
50
272
376 800
942
93 957
666 88
737 770
910 501
603 618
98
989
836
316
629
507
719
975
888
556
166
818 883
639
411
308
767
40 668
158 816
766
251
189
437 902
835 615
752 432
171 144
729
886
548 760
996 915
606
896
354
62
608 980
665 572
141
416
519
68 841
431
872 295
17
215 981
224 382
930 960
997
812
167
645
826
761
903 528
961 398
554
938
725
209
704
968 553
470 636
323
871 513
336 221
87
34
969
799
164
738
156 689
333
289 697
714 595
565
110
986
637 341
130 153
91 51
429
879 79
741
878
880
198 126
794 542
138 788
4
281
914
146 927
45
852
106
747
928 774
368 984
906
819
537 422
939
279
410 248
39
489
807
486
35
493
907
205
569
897 345
748
823
256 65
934 717
857 344
736
616
53 85
583 943
263 105
744 535
442
701 310
335 180
46 262
881 657
259 231
134 866
995 182
305
389
624 661
885 577
421
539
212
506
103
772
29
339 115
230
525 165
157 805
773 796
791
775
113
374
70
378
193
315
163 458
690
366 581
730
516
132
233
753 438
459 518
282
448
125
971
808 721
874
756
82 751
977 204
527 578
732
669
935
92
567
559
592
405 147
638
894 653
340
235
742
733
740 452
237 601
436
998
694
913
139
145
66 343
844
757
560
970
83
817 920
128 882
994
460
746
301
840 15
851
663
754
5
447 117
453
25
485
257 911
652
90
435
317
735 129
908
520
546
900
904 55
867
10 318
353 795
250 861
142
84 18
829
450
111
965 953
983
220
261
300
327 582
890
764
623
950
684 371
745
326
640
78
362
922
457
265
472
302
822
196
292
208
195 952
216
67 59
299
423
708
425
463
827
380
396
824 853
550
192
962
369
99 455
112
226 408
919 876
611
490 243
848
217
309
456
207 324
89
612 521
837 407
287
918 264
149
870
511 249
255
245
739
679
594
649
23
833 114
728
348
762 238
121
944
201
515
175 444
992
97 20
148
8 390
777
6 30
162 825
504
203
296
642
850
400
242 589
170
107
313
278
722
625 973
412
161 372
706
683 643
37 476
650
7
648
873 568
337 0
786
925
177
709 659
54 386
184
285 958
76 200
60
260
41
9
895
865
755
534 609
691
785
487 49
150 133
634 590
972
877
667
955
286
921
280 271
990 686
187
551
475 524
495 985
585 846
892 564
267
123 96
276
499
52 417
517 385
42
3
239
247
868 172
893
480
951
793 418
814 188
912 956
605
787
16
21
298
307 185
151 586
512 884
587 2
319
38
119 633
705 474
575
14
473
109
190 759
439
675 492
631 36
440
778
779
33
488
186
154
613
687
56
122
596
71 552
987
22
136
654
771
849
954
959
73
253 695
379
672
821
803
502
43
776
48
529 94
940 484
32 622
632 227
647
626
716 664
670 700
481 101
211
780
381
711 828
482 270
284
597
325
199 628
406
781 95
641
541
570
356
391
505
81
784
510 806
12 191
173 789
712
332
802
674 765
334
842
395 445
584
277
160 383
451
342
627
580 544
926
946 338
19
266 104
174
660 427
856 234
181
399 388
557
102 726
688
312
500
579 758
604
680
367
497
782 57
869
820
361
401 798
218 523
792
514
656
899
434 651
483
328
646
614
982 750
467
75
454 720
392 838
397
364
311
74
387
120
330 932
297 403
393
681 558
64 355
274
464 252
905
591
268
671
194
673 847
426 124
443 834
810 929
350 269
11
831
232
357
496 685
630 273
734
77
863
360
449 321
743
964
621
845
555
809
197
526
801 566
258
202
533
465 571
933
718
44 999
598 783
727
655
864
159
349
176
86 543
923
254
610
283
993 862
118 547
322 699
859
549
588
375 409
536
538
531
314
320
617 945
363 206
404
966
658
210
602
662 562
169 991
222
225
13
797 891
478 108
875
178
351
931
696 715
979 813
420
430
28
446
620 31
692
978
494 246
441
47 236
948
468
815
293
370
839
530
924
635 27
941 563
100
508
329
303
415 244
693
469 143
855
168 749
769 402
901 858
358
677
275
561
219
179
916 832
573 183
58 471
576
854
967 72
599 461
61 898
830
127
698 522
152 214
702
976
607 424
540
790
763 69
593
843
155 498
887
860
