750
329
280 82
323
314
0 512
892 69
637 617
784
66 598
278
196
451
642
786
913
33
249 717
700 80
197
485
925
109
919 595
184
395 295
112
881 940
483
315
387
147 221
944
730
741
847 571
190 163
593
479
795 543
480
121
563 392
421
555
215 146
792
835 601
532
803
588
326
599 977
325
996 542
681 382
281
692
823
560
158 915
111
636 128
888
141
206 909
301
779
605
341 920
347
535 218
230
585 150
133 973
934 137
165 982
188 270
527 495
890
596
895
812
777
436
219
406
357
994
952 752
309
352
481 620
302
402 619
914
830
557
719
986
862 603
709 155
799
410 579
333
508
411
610
185 256
351
884 600
364
978
976
429
63
924
424 394
131 995
736
207 51
760 789
35
768
375 47
602
433
772
343 330
947 813
796 99
908
961 40
473
54 932
166
22
48
570
94 12
217
438 968
728
732
68 659
548 758
317
811
516
989
819
575
439
654
489
757
463
748
477
541
240
854
675 44
113
425
400
661 643
614
43
450
220
564 965
639
662 498
233
178
756
135
704
853 58
397
324 651
505
405 126
939
927 872
122
797 503
29
331 226
718
678
734
192
592
536
634 856
666 494
434 237
721 699
942
546
100
453
921
878
21
814 897
948
663
621
440
691
834 988
987
418 846
849
232
954
70
645
950
79 492
648
470 999
110
251
964
92
361
576
65 750
689 175
348
455 252
780
765 399
852
990 101
404
393
569
426 214
522 883
515
737 894
268
658
179
90
627
882 248
638
446
568 266
328
931
187
408 474
212
374
845
377
608 350
174
286
488
556
430
731 259
682
3
971
623
422 253
469 901
154
28
369
340
379
705 625
373 476
14
549
53 759
303
540
139
356
933
631 953
859
711 384
816 628
972
922
246 156
710 487
833 105
491
778
716 31
64 327
368 366
733
649
690
293
260
238 427
167
801 458
936
305
161 698
308
525 993
107
203
611
247
742
401 824
77
277
344 673
83
584
472
889
153 204
581 263
370
97 443
788 781
390 800
820
822
720 783
754
672
652
30 482
445 15
902 415
209
46 582
460
885 359
136
255
271 376
493
647
60
216
626
656
210
594
761
657 697
103
297 838
444 685
50
27 257
307 696
997
722
507
809
38
372 86
181
707
839
828 670
41
910 587
609 452
655
790
4
962
358
176
641
870
523 59
850
360
211
956 273
618 981
938
447 151
650
465 84
294
959
821
130 547
39
898 108
475 501
544 632
74
955
746
227 173
118 957
87
319
583 726
486
363 104
149
664 518
815
462
534 630
288 825
6 868
880
906
25
624 805
574
767
467
11
398 67
848
791
10 665
963
171 285
644
275
875
354
867
362
342
745
836
145
917
234 701
134 866
291 911
189
313
454 61
125
669
841 817
744 806
900
93 2
170
213
396
807
776
591
468
967 88
969
886
85 524
513 466
713
339 928
810 749
497
646
869
680
694
177
615 414
970
980 578
349
688
668 76
804
442
616
667
183 129
132
194
903 306
905
864
755
378
142
946 337
769 169
242 930
561
96 770
282
530
565
119 528
144 552
228
590 683
296
923
526
17
842
320
254
383 484
42
428 345
519
409 464
826
322 182
34
224 871
412
193
1
715 236
355 635
371 929
143 703
222
874
714 891
9
45
533
471 837
62
267
724
117 660
8 686
879 250
702
18 386
261
851
640
127
23
152 407
773 449
334
896
310 984
318 941
712
7
106
95 385
264 577
353 116
729
550
653 478
258
448
316
89
551
389
899
531
367
904 580
887
840 511
172 124
312
558 114
676 912
831
509
381
200 413
735 793
75
693
57 437
863
229
431
529 496
201
951
633 262
243 985
332
191 674
775
998
26 37
180 223
858 521
276
843
949 269
20 808
798 562
283
520
205
589 290
687
140
916 612
537 338
225
832 586
506
937 304
725
671
300
102 244
966
490 198
764
559
435
727
423
98
861 943
935
72 573
567
457
459 432
606
298
844
771
120
597
73
274
818 763
71 168
245
762 991
855
787
622 974
739
16
416
708
346
960 289
456
231 751
441
461 52
78
553 36
706
766
336 388
802
629
504
566 55
538
239
979 517
202
56
740 123
782 195
865
49 419
292
907
284
279
499
159
860
502
500
747
827
554
785
24
162 510
365 115
926
199 873
604
380
272
265
420
403 138
514
417 958
877
945 157
311
235
774 695
918 876
164
539
992
738
983
794 684
829
19
607 321
287
743
335 32
91 572
753 545
148
81
13
613
160 857
391
975
241
723
186
5
208
299
893
677
679
