750
401 824
354
375 47
812
791
640
206 909
477
368 366
818 763
122
119 528
705 625
324 651
549
420
678
553 36
735 793
506
240
554
848
581 263
280 82
374
446
136
491
176
785
951
931
440
755
296
899
639
844
165 982
904 580
130 547
816 628
724
72 573
855
615 414
393
475 501
733
398 67
390 800
310 984
145
343 330
742
74
753 545
567
254
239
312
78
235
96 770
557
679
90
225
245
228
140
331 226
362
441
960 289
570
373 476
486
217
291 911
531
840 511
613
522 883
736
669
444 685
861 943
655
110
347
493
6 868
629
614
268
801 458
515
7
153 204
288 825
188 270
139
508
38
886
251
576
284
179
26 37
287
575
936
802
996 542
556
505
184
309
412
870
346
13
682
998
453
348
811
952 752
771
442
438 968
488
964
369
661 643
841 817
180 223
983
671
479
34
500
11
461 52
787
692
869
622 974
220
634 856
895
786
322 182
93 2
428 345
748
896
0 512
691
363 104
826
700 80
457
1
314
468
380
690
774 695
535 218
56
540
849
853 58
451
730
879 250
127
948
378
944
9
28
210
760 789
657 697
383 484
148
247
877
810 749
532
125
207 51
426 214
597
194
356
666 494
258
590 683
403 138
465 84
715 236
820
436
768
779
70
339 928
746
832 586
22
718
609 452
355 635
391
3
485
18 386
565
794 684
147 221
305
707
297 838
335 32
860
925
926
924
710 487
481 620
693
98
274
249 717
776
994
199 873
75
938
980 578
599 977
795 543
740 123
92
172 124
41
633 262
469 901
997
584
934 137
541
372 86
405 126
177
264 577
821
434 237
646
839
822
729
201
835 601
608 350
539
720 783
551
709 155
727
489
514
689 175
154
546
279
328
986
227 173
238 427
520
767
463
352
798 562
962
60
708
955
739
205
73
641
819
780
467
454 61
624 805
796 99
261
185 256
859
716 31
945 157
922
829
435
963
764
45
325
53 759
131 995
642
63
77
431
406
706
610
344 673
233
593
647
917
650
333
626
719
664 518
757
862 603
815
170
278
687
190 163
653 478
987
164
884 600
513 466
566 55
260
561
216
778
336 388
833 105
712
588
898 108
370
568 266
102 244
48
329
231 751
299
761
471 837
769 169
219
530
94 12
648
445 15
371 929
410 579
301
421
880
627
277
560
596
103
472
450
459 432
745
688
316
585 150
404
959
497
424 394
397
754
851
766
744 806
762 991
804
20 808
311
672
914
387
975
525 993
298
377
224 871
756
276
905
313
317
935
54 932
662 498
120
396
954
302
809
229
272
342
234 701
167
732
989
830
942
166
23
834 988
186
358
112
604
882 248
885 359
658
978
836
906
193
16
460
966
645
159
606
118 957
536
903 306
64 327
243 985
523 59
255
831
135
823
967 88
972
681 382
878
605
990 101
843
117 660
447 151
499
675 44
921
527 495
429
704
349
747
68 659
141
334
265
667
583 726
294
197
923
24
379
174
71 168
947 813
89
910 587
17
360
631 953
203
519
797 503
919 595
908
537 338
50
680
29
97 443
663
318 941
591
623
91 572
714 891
652
161 698
133 973
788 781
230
847 571
439
282
326
574
784
483
864
970
308
187
275
694
171 285
178
143 703
526
976
534 630
160 857
389
927 872
961 40
656
113
913
563 392
408 474
738
946 337
246 156
807
644
852
418 846
900
890
867
637 617
134 866
902 415
106
858 521
4
27 257
939
271 376
827
87
569
222
728
46 582
455 252
183 129
21
916 612
504
711 384
132
109
892 69
35
589 290
30 482
863
887
211
267
668 76
422 253
357
828 670
367
544 632
319
107
433
57 437
191 674
992
723
448
49 419
353 116
677
548 758
111
480
14
19
462
533
208
616
555
607 321
340
969
470 999
979 517
395 295
782 195
423
950
281
293
775
845
83
152 407
814 897
149
888
181
162 510
209
411
636 128
303
142
81
509
937 304
192
10 665
62
550
741
39
918 876
8 686
100
777
564 965
731 259
430
283
772
702
158 915
320
654
649
713
144 552
33
25
212
241
734
507
425
893
799
400
618 981
85 524
790
638
43
516
594
854
602
792
364
971
949 269
232
611
365 115
66 598
332
202
803
676 912
538
300
409 464
341 920
558 114
881 940
417 958
242 930
196
361
323
621
79 492
765 399
850
559
592
725
200 413
842
529 496
743
956 273
189
5
315
381
490 198
737 894
286
874
875
42
402 619
773 449
865
416
95 385
65 750
721 699
889
722
215 146
473
213
351
502
292
121
456
933
907
307 696
