750
215 981
817 920
429
93 957
454 720
771
384 291
301
570
160 383
822
5
102 726
141
714 595
272
555
621
652
520
166
168 749
493
955
810 929
906
459 518
511 249
332
924
777
638
281
330 932
833 114
848
125
730
575
645
326
935
992
642
364
50
734
431
702
587 2
839
92
880
169 991
161 372
741
486
352
485
599 461
921
337 0
979 813
606
604
331 365
186
328
421
354
780
74
366 581
683 643
119 633
149
677
580 544
497
11
411
132
257 911
815
82 751
897 345
34
487 49
687
644
340
859
228
821
216
23
843
705 474
362
936
894 653
873 568
277
870
415 244
812
708
245
297 403
855
666 88
43
323
728
217
923
482 270
442
71 552
380
614
83
44 999
110
130 153
266 104
220
767
814 188
803
919 876
391
908
490 243
541
113
109
171 144
733
617 945
150 133
261
612 521
913
90
793 418
162 825
786
904 55
690
12 191
314
977 204
434 651
397
852
334
194
78
818 883
725
764
400
747
202
678
38
871 513
602
4
536
207 324
950
693
376 800
89
598 783
892 564
60
605
519
250 861
157 805
327 582
305
986
658
42
199 628
863
393
969
829
670 700
268
939
682
98
874
965 953
17
255
746
996 915
548 760
706
24
940 484
947 988
691
671
472
223 359
802
293
840 15
624 661
52 417
285 958
351
773 796
7
226 408
336 221
396
392 838
491
625 973
360
723
631 36
963
766
197
916 832
797 891
145
475 524
959
375 409
174
232
576
342
170
610
537 422
229
694
588
826
128 882
508
966
173 789
184
890
530
190 759
127
510 806
503 619
247
267
623
835 615
469 143
931
381
142
533
316
998
412
526
831
738
306 703
701 310
886
757
565
910 501
259 231
933
210
394 131
779
279
353 795
58 471
632 227
781 95
76 200
177
613
607 424
887
107
611
888
374
500
106
710 288
158 816
673 847
67 59
303
233
983
877
737 770
540
35
549
213
941 563
299
91 51
224 382
97 20
585 846
179
309
152 214
531
527 578
401 798
672
743
313
367
275
465 571
282
972
868 172
99 455
443 834
775
413 116
899
512 884
8 390
970
356
596
679
669
712
37 476
195 952
559
237 601
416
451
100
118 547
942
639
389
240
335 180
29
711 828
235
895
87
193
274
792
517 385
918 264
655
296
300
251
121
80 545
379
667
241
140
481 101
801 566
688
928 774
656
740 452
763 69
727
515
778
258
997
538
930 960
857 344
136
208
346
762 238
665 572
68 841
369
483
502
885 577
123 96
135
626
704
447 117
603 618
77
934 717
203
287
592
322 699
6 30
40 668
66 343
56
489
420
473
212
993 862
112
134 866
64 355
893
995 182
900
938
554
782 57
909 676
209
32 622
675 492
439
181
951
872 295
745
681 558
790
551
192
754
994
663
435
824 853
253 695
850
218 523
674 765
709 659
819
496 685
516
467
349
138 788
560
84 18
292
896
753 438
975
361
111
875
529 94
946 338
46 262
477
196
242 589
630 273
256 65
584
304 428
719
159
646
28
820
964
579 758
488
446
569
784
377
357
205
713
907
961 398
809
425
917
13
239
539
433
860
990 686
889
363 206
387
225
26 974
647
742
163 458
954
201
901 858
284
175 444
9
139
649
811
532
567
787
736
550
423
222
308
680
724
968 553
63
280 271
716 664
556
395 445
283
75
748
684 371
464 252
441
325
450
807
865
39
61 898
41
187
989
70
478 108
557
867
648
348
620 31
311
265
922
583 943
534 609
634 590
164
263 105
440
949 937
176
33
437 902
912 956
448
844
286
329
430
662 562
637 341
14
45
654
948
456
735 129
903 528
22
468
47 236
905
597
154
698 522
146 927
925
419 731
944
629
103
640
19
635 27
3
368 984
151 586
462
509
289 697
315
410 248
878
641
155 498
122
378
962
561
347
976
650
495 985
755
470 636
707
62
156 689
971
627
399 388
319
845
198 126
752 432
692
827
48
718
86 543
460
600 466
593
879 79
785
457
574
546
350 269
494 246
120
967 72
219
480
987
260
756
81
406
211
864
290 414
776
254
914
436
761
178
794 542
799
769 402
616
514
804
307 185
404
317
302
276
836
504
729
507
10 318
768
294
167
230
842
370
148
54 386
449 321
732
278
320
573 183
837 407
339 115
744 535
479
851
25
405 147
978
505
808 721
312
591
830
453
525 165
739
298
358
869
660 427
53 85
16
926
854
791
856 234
696 715
594
506
426 124
373 137
189
982 750
722
499
1
333
21
881 657
608 980
772
463
849
823
73
