750
814 897
710 487
966
192
442
254
997
231 751
27 257
365 115
526
446
451
567
456
596
318 941
799
342
336 388
666 494
527 495
196
372 86
436
459 432
29
976
283
380
536
707
555
401 824
893
287
296
28
802
905
653 478
948
688
644
671
125
889
364
249 717
860
268
549
712
265
406
465 84
865
925
147 221
200 413
362
534 630
450
765 399
757
433
933
348
440
5
907
733
400
945 157
353 116
46 582
931
148
228
768
377
251
96 770
761
864
539
913
444 685
505
1
232
134 866
831
65 750
141
590 683
325
235
307 696
820
922
917
42
983
530
167
402 619
809
158 915
308
171 285
744 806
870
882 248
963
120
847 571
164
418 846
203
585 150
950
25
398 67
614
881 940
892 69
281
737 894
426 214
60
560
772
841 817
395 295
50
320
613
208
132
66 598
393
189
448
121
990 101
205
264 577
241
828 670
788 781
767
693
655
215 146
738
740 123
849
194
899
727
323
669
923
396
878
830
331 226
225
397
821
588
819
652
790
926
356
879 250
535 218
340
754
605
278
488
267
745
778
160 857
886
454 61
368 366
656
739
35
83
764
109
735 793
618 981
483
243 985
119 528
723
642
732
143 703
780
500
38
690
952 752
486
48
91 572
467
389
149
823
711 384
538
11
349
506
842
769 169
297 838
438 968
557
210
79 492
94 12
431
229
424 394
691
569
916 612
363 104
708
662 498
944
179
190 163
956 273
959
301
786
760 789
896
776
21
90
56
277
291 911
885 359
279
77
564 965
657 697
284
142
890
561
383 484
967 88
736
170
888
14
576
178
533
258
53 759
9
946 337
201
227 173
785
627
832 586
610
333
439
609 452
425
519
516
97 443
357
335 32
523 59
293
641
110
807
64 327
131 995
468
594
716 31
159
935
222
39
183 129
822
354
836
987
387
63
840 511
715 236
379
996 542
731 259
903 306
445 15
274
207 51
242 930
367
734
554
286
811
522 883
412
531
234 701
404
224 871
7
646
575
106
282
355 635
475 501
117 660
341 920
136
902 415
679
89
884 600
491
960 289
513 466
622 974
563 392
328
705 625
649
949 269
93 2
107
755
507
597
4
664 518
784
921
212
34
875
421
556
989
900
127
312
334
87
848
73
801 458
122
565
300
247
154
71 168
347
499
313
370
861 943
859
430
85 524
113
779
162 510
862 603
634 856
810 749
581 263
408 474
92
22
216
13
954
213
112
135
602
623
827
834 988
540
255
422 253
95 385
782 195
616
692
626
615 414
477
986
469 901
855
145
833 105
358
645
682
100
700 80
191 674
797 503
746
193
57 437
45
962
489
118 957
803
621
867
741
378
887
537 338
298
311
144 552
352
17
704
153 204
639
854
777
199 873
718
964
8 686
211
497
650
979 517
743
502
584
815
181
675 44
455 252
680
939
485
81
633 262
26 37
68 659
70
220
969
217
658
687
206 909
599 977
756
324 651
176
504
303
541
403 138
447 151
895
998
3
748
186
853 58
174
532
43
631 953
75
775
773 449
637 617
566 55
826
375 47
978
937 304
766
795 543
877
410 579
906
361
794 684
551
6 868
661 643
152 407
16
938
546
804
405 126
722
420
593
373 476
317
852
102 244
668 76
961 40
934 137
41
851
762 991
904 580
774 695
10 665
245
640
202
558 114
299
724
714 891
753 545
24
689 175
462
898 108
479
604
381
369
672
343 330
771
463
460
219
19
319
951
729
648
910 587
874
62
133 973
994
230
0 512
844
667
835 601
246 156
863
845
796 99
20 808
470 999
829
936
589 290
429
606
177
275
927 872
309
461 52
544 632
702
472
351
787
638
435
792
970
240
103
473
411
315
568 266
570
798 562
416
713
553 36
140
520
548 758
288 825
636 128
583 726
611
850
971
390 800
508
706
858 521
663
457
812
529 496
280 82
130 547
509
730
676 912
924
33
694
322 182
98
161 698
681 382
316
49 419
360
209
869
165 982
471 837
23
272
185 256
54 932
980 578
428 345
947 813
514
441
276
332
919 595
78
972
197
918 876
481 620
314
654
608 350
374
30 482
188 270
624 805
629
975
261
423
728
74
18 386
747
719
559
678
305
166
172 124
914
409 464
302
592
184
260
908
111
607 321
417 958
742
292
271 376
574
955
490 198
371 929
992
709 155
677
839
72 573
434 237
310 984
515
525 993
818 763
391
725
721 699
294
180 223
843
344 673
791
339 928
493
329
238 427
942
720 783
326
239
880
139
233
453
346
647
187
550
480
591
816 628
