750
454 720
617 945
514
602
718
682
970
677
430
650
955
830
607 424
764
845
792
804
744 535
711 828
212
570
304 428
995 182
604
28
307 185
968 553
293
377
465 571
166
918 264
574
950
781 95
404
490 243
347
559
330 932
869
337 0
436
709 659
746
76 200
7
655
894 653
509
315
734
626
208
996 915
593
433
569
591
297 403
198 126
56
849
148
376 800
896
678
154
84 18
247
100
777
573 183
220
941 563
130 153
827
251
207 324
507
32 622
350 269
33
196
881 657
951
260
616
886
434 651
448
647
230
224 382
469 143
975
674 765
437 902
118 547
186
787
766
162 825
373 137
794 542
475 524
504
526
656
34
38
156 689
488
728
708
136
852
842
885 577
803
467
550
623
174
78
163 458
976
691
667
459 518
890
40 668
391
77
370
67 59
867
292
397
478 108
225
648
761
639
400
585 846
630 273
353 795
964
972
517 385
669
495 985
935
290 414
287
364
146 927
592
331 365
127
75
50
8 390
47 236
733
479
175 444
339 115
814 188
986
354
326
309
673 847
903 528
66 343
580 544
24
640
281
138 788
871 513
719
93 957
855
73
775
772
179
983
809
767
588
98
745
642
374
348
598 783
739
771
934 717
672
807
889
930 960
245
965 953
497
754
714 595
194
946 338
756
627
635 27
10 318
730
265
565
597
790
531
741
579 758
779
401 798
778
992
791
725
302
6 30
870
698 522
576
21
645
740 452
13
303
662 562
938
909 676
692
851
933
267
381
913
284
856 234
812
113
926
748
107
416
263 105
173 789
823
358
158 816
818 883
736
439
658
848
638
599 461
451
649
431
176
456
215 981
629
62
687
45
286
600 466
520
145
190 759
663
63
705 474
384 291
86 543
393
875
928 774
25
261
197
799
704
275
435
529 94
123 96
161 372
268
910 501
312
392 838
274
410 248
308
112
735 129
895
139
776
836
171 144
583 943
81
472
141
39
865
301
394 131
300
680
327 582
811
199 628
441
278
120
368 984
425
334
361
311
110
42
68 841
942
631 36
527 578
349
675 492
340
541
835 615
132
399 388
987
632 227
990 686
89
82 751
457
940 484
413 116
3
594
4
279
60
216
91 51
332
904 55
305
9
462
887
879 79
201
366 581
121
625 973
634 590
58 471
837 407
298
111
539
706
921
329
742
665 572
335 180
561
241
375 409
587 2
878
17
944
671
961 398
168 749
743
52 417
614
150 133
235
732
637 341
701 310
319
464 252
693
737 770
710 288
515
954
555
14
396
468
44 999
11
978
415 244
362
405 147
931
605
510 806
969
255
233
747
170
494 246
481 101
140
713
43
729
80 545
908
470 636
906
74
134 866
254
551
37 476
584
482 270
103
313
833 114
512 884
763 69
548 760
187
423
352
357
160 383
877
537 422
966
971
723
939
753 438
556
342
29
907
61 898
218 523
12 191
994
412
489
892 564
899
826
232
917
530
283
688
843
276
237 601
724
363 206
259 231
253 695
226 408
387
181
41
620 31
155 498
567
820
205
406
440
442
997
46 262
959
229
922
785
560
83
808 721
516
874
499
217
660 427
684 371
323
919 876
696 715
949 937
299
346
177
641
87
989
195 952
477
395 445
533
810 929
48
35
449 321
92
857 344
683 643
534 609
784
491
306 703
762 238
102 726
411
184
320
603 618
453
211
612 521
314
169 991
502
694
97 20
755
266 104
727
624 661
554
446
538
503 619
644
923
888
277
178
982 750
707
64 355
936
164
752 432
210
420
872 295
193
356
540
821
948
722
360
549
192
596
1
149
389
167
979 813
242 589
157 805
831
505
768
611
26 974
860
863
223 359
316
824 853
506
822
483
757
378
333
900
967 72
793 418
351
963
998
519
610
322 699
679
850
71 552
122
993 862
213
202
977 204
914
317
296
575
817 920
508
463
421
22
325
250 861
379
621
493
426 124
419 731
19
839
447 117
666 88
511 249
819
480
240
450
219
285 958
893
135
532
844
294
119 633
239
222
16
897 345
769 402
70
429
272
829
282
880
716 664
125
209
5
925
23
546
702
151 586
460
868 172
189
228
859
801 566
367
613
128 882
90
99 455
924
106
773 796
681 558
854
670 700
802
912 956
487 49
840 15
901 858
557
815
646
473
486
608 980
780
54 386
289 697
782 57
654
328
152 214
280 271
142
916 832
485
203
256 65
864
786
496 685
109
159
525 165
336 221
536
257 911
947 988
738
380
500
258
873 568
905
797 891
690
369
606
962
712
652
53 85
443 834
