750
100
334
358
303
307 185
630 273
934 717
527 578
179
602
780
5
520
53 85
253 695
850
807
198 126
167
93 957
503 619
274
301
799
331 365
406
822
606
551
773 796
821
313
360
897 345
963
11
616
692
640
820
3
944
40 668
753 438
332
654
793 418
431
443 834
177
502
645
714 595
366 581
226 408
607 424
894 653
741
237 601
9
705 474
335 180
451
888
672
103
151 586
195 952
486
594
34
10 318
50
512 884
447 117
186
614
906
899
849
516
996 915
289 697
747
560
712
66 343
990 686
174
377
29
567
361
37 476
70
278
1
156 689
791
673 847
779
265
808 721
625 973
879 79
972
941 563
219
395 445
134 866
464 252
251
757
746
323
691
33
677
463
423
687
483
652
681 558
373 137
756
842
97 20
367
178
711 828
266 104
475 524
763 69
539
149
110
905
912 956
118 547
68 841
485
573 183
290 414
962
242 589
776
694
482 270
460
326
855
639
333
113
142
716 664
413 116
436
138 788
496 685
878
400
12 191
205
738
669
881 657
549
287
772
907
73
536
592
437 902
24
292
230
47 236
453
467
811
979 813
710 288
82 751
995 182
293
865
504
319
462
665 572
583 943
187
857 344
823
575
152 214
529 94
32 622
863
754
160 383
83
829
896
494 246
411
951
102 726
480
810 929
942
203
297 403
215 981
245
23
375 409
546
434 651
597
136
135
469 143
176
175 444
940 484
505
519
698 522
225
419 731
736
885 577
491
766
330 932
530
948
28
64 355
797 891
733
316
328
448
121
8 390
603 618
368 984
683 643
935
959
294
818 883
637 341
635 27
90
817 920
381
666 88
317
986
706
63
284
869
647
954
257 911
146 927
306 703
872 295
892 564
993 862
983
554
515
693
157 805
826
261
538
352
864
285 958
67 59
92
781 95
393
497
667
370
299
281
971
893
565
707
192
830
489
52 417
768
168 749
880
21
921
730
718
430
43
470 636
786
792
184
641
232
784
824 853
340
737 770
379
166
81
207 324
441
194
833 114
109
744 535
150 133
429
356
329
77
561
874
305
169 991
363 206
977 204
950
778
107
588
286
62
254
978
181
314
394 131
442
740 452
923
997
42
620 31
258
468
495 985
900
439
276
376 800
74
111
831
809
208
574
933
938
98
644
282
222
325
446
638
38
380
585 846
158 816
769 402
946 338
924
723
353 795
197
210
870
193
302
196
488
13
873 568
415 244
919 876
517 385
917
76 200
7
220
401 798
472
646
459 518
570
634 590
725
199 628
930 960
767
728
327 582
918 264
968 553
569
627
86 543
794 542
648
119 633
967 72
987
660 427
557
534 609
84 18
890
531
532
348
155 498
914
680
526
41
493
856 234
868 172
164
454 720
804
125
260
777
457
970
722
802
106
655
490 243
140
877
961 398
621
268
533
761
239
349
4
803
936
123 96
525 165
240
819
223 359
75
170
56
212
928 774
514
218 523
58 471
112
658
910 501
584
369
405 147
279
901 858
537 422
508
128 882
748
702
875
421
947 988
704
955
337 0
148
347
350 269
78
642
392 838
814 188
80 545
399 388
843
752 432
623
762 238
840 15
775
626
362
397
19
312
259 231
26 974
743
663
277
298
351
591
844
171 144
835 615
729
596
579 758
541
613
89
391
387
449 321
576
154
132
161 372
926
670 700
836
487 49
481 101
764
357
374
965 953
662 562
556
263 105
867
145
162 825
739
949 937
16
511 249
456
217
903 528
755
209
732
587 2
735 129
120
682
925
696 715
624 661
939
159
629
339 115
425
354
745
426 124
241
247
734
130 153
611
989
87
852
507
46 262
719
509
127
801 566
173 789
99 455
605
708
690
304 428
992
71 552
678
190 759
608 980
300
787
479
311
412
22
477
91 51
309
296
674 765
275
211
559
499
450
727
684 371
785
548 760
139
709 659
931
141
854
280 271
478 108
886
224 382
396
410 248
384 291
782 57
506
922
510 806
593
904 55
283
213
378
202
675 492
256 65
860
650
908
435
909 676
54 386
163 458
827
267
320
404
598 783
35
887
859
500
440
871 513
580 544
255
39
617 945
848
250 861
465 571
342
771
837 407
969
14
235
982 750
671
229
679
895
815
632 227
610
966
45
790
851
364
612 521
600 466
913
48
604
433
976
998
631 36
216
688
649
201
308
812
420
6 30
233
916 832
473
336 221
713
25
975
555
994
272
17
599 461
389
61 898
701 310
845
122
724
228
656
189
346
839
742
889
322 699
964
60
416
44 999
550
315
540
