750
570
959
110
710 288
457
257 911
511 249
446
430
944
701 310
64 355
954
890
342
209
868 172
416
993 862
230
308
285 958
219
935
849
810 929
851
845
596
113
465 571
462
591
174
282
443 834
353 795
92
199 628
311
314
802
473
986
450
693
425
373 137
983
309
933
839
413 116
14
580 544
268
734
303
48
357
942
52 417
102 726
170
149
646
854
794 542
255
775
293
730
681 558
7
213
194
130 153
850
472
763 69
905
235
687
529 94
486
539
312
28
58 471
654
791
736
512 884
950
677
817 920
967 72
556
459 518
728
713
640
190 759
136
68 841
673 847
737 770
367
179
346
275
829
378
645
897 345
871 513
606
369
66 343
620 31
557
54 386
966
368 984
399 388
887
242 589
555
692
196
561
786
600 466
747
33
358
475 524
502
837 407
617 945
822
766
655
694
975
924
366 581
120
541
632 227
141
722
892 564
739
811
778
280 271
793 418
176
24
757
696 715
704
762 238
481 101
278
329
3
485
896
752 432
877
37 476
855
621
163 458
663
274
67 59
976
820
517 385
121
708
433
26 974
86 543
281
867
489
46 262
146 927
322 699
903 528
118 547
330 932
852
202
949 937
842
625 973
961 398
44 999
994
25
306 703
84 18
207 324
245
11
391
738
215 981
317
162 825
508
674 765
859
947 988
429
70
53 85
431
8 390
968 553
448
602
287
588
326
251
913
254
656
827
970
487 49
565
688
680
228
856 234
546
127
56
499
724
644
380
175 444
585 846
440
395 445
198 126
335 180
184
436
594
503 619
764
592
638
218 523
573 183
296
603 618
740 452
844
745
919 876
379
21
50
98
384 291
203
356
267
886
526
467
166
478 108
604
323
923
507
212
423
463
623
797 891
225
671
186
864
13
550
451
669
23
112
531
210
447 117
946 338
397
6 30
540
157 805
831
808 721
977 204
509
328
771
719
74
265
325
900
161 372
393
339 115
579 758
790
377
922
997
216
525 165
840 15
62
38
768
426 124
781 95
772
532
253 695
519
201
208
139
650
614
780
901 858
178
119 633
482 270
181
256 65
470 636
211
169 991
151 586
711 828
387
948
782 57
376 800
488
607 424
73
706
348
400
818 883
22
81
551
336 221
642
83
374
735 129
807
631 36
505
177
354
506
635 27
279
921
779
899
363 206
597
746
955
140
733
941 563
835 615
29
879 79
848
411
995 182
804
996 915
536
801 566
80 545
613
514
885 577
167
504
132
824 853
164
630 273
894 653
934 717
35
520
812
769 402
78
468
567
60
41
301
741
969
534 609
435
263 105
128 882
972
220
964
714 595
990 686
875
103
477
421
193
815
239
82 751
434 651
360
138 788
410 248
389
554
47 236
160 383
756
637 341
823
926
930 960
754
247
277
660 427
100
776
908
496 685
598 783
292
889
672
479
712
836
909 676
616
419 731
965 953
690
405 147
648
857 344
658
533
863
217
729
152 214
352
39
709 659
865
43
593
809
148
792
605
494 246
337 0
787
111
90
420
906
370
125
12 191
992
259 231
971
675 492
500
394 131
979 813
575
537 422
480
907
647
860
569
289 697
159
491
396
297 403
229
40 668
89
627
869
785
305
872 295
881 657
548 760
298
168 749
870
331 365
878
302
987
189
299
45
260
134 866
224 382
10 318
723
401 798
682
171 144
624 661
97 20
34
893
773 796
150 133
250 861
437 902
963
560
666 88
755
652
538
753 438
155 498
662 562
611
145
583 943
272
290 414
258
917
222
515
940 484
286
483
327 582
530
156 689
226 408
381
241
639
814 188
223 359
276
123 96
106
667
599 461
939
914
880
313
576
510 806
364
404
962
497
784
93 957
931
830
99 455
316
187
415 244
107
938
63
698 522
821
16
5
718
626
333
442
559
77
678
683 643
240
691
670 700
294
76 200
803
142
361
716 664
232
42
743
351
833 114
705 474
629
347
725
826
449 321
873 568
464 252
87
4
362
319
349
456
549
205
334
767
910 501
284
684 371
453
195 952
266 104
928 774
91 51
895
315
936
158 816
610
799
375 409
261
916 832
925
454 720
237 601
989
574
612 521
197
777
742
727
122
679
748
61 898
460
17
135
350 269
874
19
702
912 956
1
951
904 55
527 578
516
587 2
439
392 838
406
283
75
300
9
173 789
307 185
469 143
154
320
649
332
998
761
71 552
340
109
918 264
707
982 750
978
641
634 590
665 572
495 985
584
819
493
888
304 428
233
732
32 622
608 980
744 535
490 243
192
412
843
441
