750
306 703
181
395 445
746
574
62
533
364
677
727
621
352
415 244
313
641
748
857 344
959
435
835 615
534 609
933
130 153
302
775
606
373 137
706
529 94
26 974
716 664
350 269
22
456
912 956
277
756
203
889
987
551
787
681 558
752 432
287
119 633
867
599 461
693
239
890
954
330 932
431
642
90
186
736
833 114
169 991
936
284
242 589
276
150 133
649
893
598 783
734
855
917
894 653
13
260
962
3
646
73
877
730
823
235
166
199 628
786
217
255
922
655
128 882
496 685
778
916 832
28
735 129
304 428
674 765
151 586
531
142
208
289 697
387
125
157 805
878
723
495 985
314
218 523
761
684 371
530
704
464 252
701 310
230
666 88
648
416
220
39
197
316
256 65
64 355
136
317
593
356
134 866
829
705 474
554
722
92
87
477
43
881 657
139
305
757
993 862
506
885 577
663
400
53 85
647
992
486
856 234
520
334
140
845
381
632 227
312
740 452
500
434 651
286
831
587 2
362
780
986
489
397
363 206
97 20
776
762 238
860
569
63
370
209
969
42
773 796
607 424
742
810 929
299
303
420
844
120
192
675 492
38
514
77
903 528
17
296
425
342
219
178
505
836
696 715
283
967 72
360
802
848
804
161 372
194
790
938
837 407
406
100
753 438
671
560
907
504
851
207 324
865
997
419 731
107
538
815
448
818 883
872 295
631 36
376 800
594
896
901 858
326
84 18
868 172
460
608 980
392 838
660 427
258
285 958
490 243
709 659
413 116
652
824 853
532
839
113
826
871 513
237 601
614
348
517 385
623
540
319
488
934 717
635 27
404
347
145
148
196
351
232
14
280 271
924
570
278
453
714 595
950
767
99 455
975
743
908
781 95
10 318
970
737 770
46 262
682
627
869
658
394 131
797 891
673 847
990 686
942
89
263 105
50
193
639
349
497
293
508
82 751
233
123 96
662 562
16
803
611
229
515
782 57
58 471
688
996 915
785
918 264
620 31
982 750
817 920
33
333
60
290 414
656
526
177
561
585 846
440
983
596
863
412
152 214
436
222
272
667
292
121
251
928 774
29
109
645
567
777
812
179
886
368 984
779
576
410 248
669
799
44 999
167
597
275
480
617 945
93 957
503 619
931
309
904 55
482 270
340
11
640
819
483
267
859
573 183
367
198 126
854
353 795
852
331 365
690
941 563
487 49
336 221
994
793 418
399 388
493
190 759
680
212
135
603 618
23
91 51
634 590
5
354
527 578
68 841
315
122
74
112
711 828
995 182
268
874
369
76 200
138 788
470 636
794 542
195 952
556
450
265
110
875
744 535
512 884
70
712
4
323
537 422
443 834
626
149
978
654
162 825
822
241
463
809
374
955
966
559
298
171 144
972
738
357
442
307 185
961 398
502
411
308
61 898
35
12 191
225
604
396
451
475 524
864
210
887
346
583 943
820
205
637 341
510 806
702
423
325
361
421
311
729
337 0
951
548 760
202
294
111
433
468
725
850
509
741
698 522
159
447 117
849
437 902
600 466
612 521
426 124
516
511 249
429
905
584
555
41
519
811
925
947 988
592
910 501
25
557
629
940 484
842
335 180
827
964
944
329
216
228
976
213
47 236
946 338
223 359
724
253 695
75
499
769 402
211
880
322 699
913
78
892 564
384 291
525 165
320
40 668
665 572
34
154
441
261
766
683 643
300
187
132
173 789
963
479
266 104
141
164
888
168 749
156 689
873 568
979 813
56
930 960
935
507
754
965 953
98
457
462
895
707
755
909 676
240
977 204
610
591
772
998
6 30
459 518
541
66 343
71 552
494 246
771
375 409
160 383
679
257 911
1
21
439
719
485
906
118 547
691
613
215 981
259 231
808 721
747
146 927
282
899
692
7
687
8 390
102 726
245
37 476
764
897 345
539
127
393
672
807
708
784
155 498
189
763 69
728
201
401 798
546
327 582
405 147
250 861
279
80 545
174
870
103
301
478 108
378
454 720
281
739
914
328
163 458
472
469 143
549
830
840 15
575
732
446
579 758
48
670 700
254
948
449 321
491
792
733
678
430
366 581
224 382
710 288
821
921
605
926
580 544
814 188
713
332
602
843
9
900
801 566
377
768
83
81
625 973
274
616
158 816
379
473
624 661
247
358
638
989
465 571
339 115
86 543
176
536
791
550
939
879 79
949 937
389
467
919 876
968 553
175 444
923
54 386
391
170
745
588
67 59
24
718
565
380
184
106
45
971
32 622
226 408
650
694
630 273
481 101
19
52 417
297 403
644
