750
500
178
692
826
736
35
25
701 310
465 571
970
53 85
630 273
746
881 657
600 466
209
606
481 101
148
975
360
663
646
896
987
857 344
258
434 651
493
548 760
641
399 388
931
638
620 31
174
928 774
923
888
995 182
100
257 911
753 438
704
706
217
45
125
719
92
233
82 751
211
370
473
326
516
616
9
199 628
446
253 695
520
156 689
503 619
469 143
122
649
536
787
170
670 700
942
603 618
585 846
763 69
99 455
533
489
769 402
514
3
529 94
748
732
625 973
333
410 248
332
302
635 27
730
893
734
113
77
757
727
123 96
869
306 703
660 427
690
580 544
645
777
287
865
70
877
935
740 452
821
189
213
962
794 542
511 249
658
887
537 422
710 288
583 943
781 95
483
335 180
818 883
494 246
559
155 498
640
673 847
63
623
184
894 653
739
914
389
216
121
166
309
556
74
554
181
613
235
539
198 126
130 153
682
708
12 191
977 204
527 578
384 291
397
775
532
440
225
401 798
829
34
878
505
807
325
107
709 659
220
926
565
207 324
997
464 252
612 521
437 902
456
971
305
98
944
823
157 805
871 513
745
925
263 105
439
164
820
652
512 884
778
496 685
574
329
459 518
380
229
86 543
433
406
683 643
667
963
966
140
394 131
666 88
187
67 59
833 114
845
56
531
275
192
998
307 185
194
348
768
596
259 231
819
303
425
738
331 365
776
149
969
87
4
381
26 974
951
918 264
218 523
487 49
672
792
802
850
43
889
319
967 72
443 834
863
497
449 321
354
804
786
519
421
637 341
677
160 383
292
996 915
342
632 227
128 882
314
900
261
490 243
714 595
921
451
142
485
669
186
203
899
404
322 699
396
320
656
874
904 55
626
38
725
64 355
510 806
376 800
478 108
594
22
412
599 461
290 414
429
614
515
849
93 957
285 958
91 51
621
680
934 717
555
278
675 492
919 876
968 553
486
978
468
158 816
90
75
617 945
366 581
812
502
50
844
58 471
40 668
395 445
584
242 589
312
939
526
948
266 104
274
205
102 726
226 408
785
141
793 418
420
728
210
19
387
454 720
351
202
811
241
163 458
588
152 214
644
593
230
361
146 927
941 563
62
817 920
610
870
815
71 552
903 528
237 601
419 731
687
848
842
411
346
901 858
457
190 759
447 117
799
479
436
499
550
127
549
688
374
167
665 572
222
109
61 898
171 144
639
591
375 409
679
561
852
379
546
251
228
538
570
23
747
330 932
179
907
357
766
840 15
839
784
33
316
393
311
694
240
134 866
68 841
139
177
10 318
39
154
313
352
947 988
982 750
624 661
965 953
169 991
362
605
267
733
771
875
369
281
860
300
868 172
349
5
405 147
453
151 586
741
24
989
283
299
910 501
872 295
642
782 57
955
913
430
135
423
416
598 783
859
986
674 765
245
530
936
367
607 424
223 359
756
340
742
118 547
557
462
705 474
337 0
162 825
136
803
916 832
286
97 20
103
762 238
950
698 522
52 417
587 2
713
208
755
573 183
629
301
551
909 676
415 244
13
482 270
575
810 929
336 221
460
304 428
256 65
764
308
993 862
737 770
32 622
254
276
647
856 234
413 116
195 952
339 115
16
119 633
655
791
48
696 715
541
215 981
400
353 795
54 386
912 956
814 188
855
779
809
890
66 343
173 789
81
232
289 697
507
6 30
120
470 636
431
576
933
569
347
84 18
678
716 664
772
1
992
377
608 980
873 568
132
450
560
702
201
895
41
744 535
959
851
908
718
780
37 476
930 960
648
378
671
7
250 861
843
540
517 385
14
983
224 382
161 372
373 137
193
138 788
735 129
294
145
392 838
954
21
73
83
426 124
650
880
707
790
824 853
42
827
946 338
723
831
994
611
808 721
752 432
854
654
8 390
627
879 79
691
272
830
110
886
495 985
159
317
754
106
801 566
684 371
358
534 609
897 345
836
961 398
80 545
761
334
480
197
662 562
239
835 615
467
906
315
922
175 444
60
11
150 133
78
488
265
693
111
990 686
767
297 403
867
350 269
284
949 937
979 813
631 36
924
711 828
282
47 236
972
917
491
368 984
938
504
356
89
729
260
508
196
976
46 262
296
363 206
592
940 484
475 524
837 407
722
506
323
44 999
76 200
604
724
864
293
442
247
391
255
905
463
797 891
17
435
964
112
364
579 758
277
525 165
477
168 749
279
773 796
28
822
327 582
268
441
602
567
743
885 577
280 271
892 564
29
219
712
472
597
509
212
681 558
176
298
634 590
328
448
