750
821
142
644
690
707
360
555
48
11
282
890
631 36
968 553
28
916 832
693
375 409
593
809
442
533
294
520
412
334
743
421
205
711 828
848
100
826
281
773 796
229
775
285 958
17
617 945
139
753 438
769 402
812
98
531
54 386
473
399 388
674 765
808 721
645
121
392 838
61 898
663
541
741
909 676
503 619
333
579 758
490 243
439
939
763 69
1
872 295
106
603 618
575
719
376 800
450
921
940 484
287
912 956
268
880
84 18
905
737 770
766
67 59
80 545
938
5
328
198 126
463
75
904 55
687
963
986
629
469 143
66 343
604
9
807
607 424
453
493
230
517 385
506
729
895
384 291
7
724
925
713
655
771
740 452
356
613
301
156 689
196
502
303
588
289 697
465 571
584
433
822
527 578
208
965 953
448
74
3
58 471
276
786
638
831
189
671
454 720
298
237 601
308
600 466
311
936
508
430
247
220
24
621
802
416
768
420
168 749
874
361
860
91 51
792
931
591
457
903 528
44 999
39
611
976
348
680
47 236
151 586
888
790
134 866
554
511 249
405 147
897 345
81
119 633
718
782 57
113
625 973
649
138 788
93 957
394 131
483
488
843
155 498
748
449 321
776
240
893
353 795
979 813
839
358
970
730
764
734
33
525 165
972
648
99 455
550
462
594
42
837 407
896
368 984
623
263 105
477
815
34
284
561
910 501
738
819
181
396
868 172
516
440
934 717
811
292
128 882
810 929
570
159
608 980
307 185
947 988
253 695
515
393
86 543
982 750
705 474
696 715
148
111
197
714 595
634 590
419 731
969
885 577
171 144
363 206
83
330 932
381
299
443 834
514
87
949 937
322 699
833 114
856 234
539
803
677
706
899
175 444
814 188
306 703
725
546
989
587 2
327 582
472
293
22
723
512 884
817 920
793 418
370
881 657
337 0
964
78
709 659
316
460
339 115
646
500
658
926
38
431
259 231
304 428
16
777
400
692
871 513
852
967 72
930 960
286
694
494 246
459 518
683 643
195 952
297 403
990 686
801 566
305
218 523
258
602
19
232
10 318
199 628
844
733
526
6 30
857 344
118 547
176
933
975
961 398
559
654
132
745
487 49
479
173 789
727
241
331 365
158 816
583 943
614
879 79
873 568
63
923
4
624 661
536
993 862
736
235
456
256 65
380
924
323
329
187
257 911
818 883
592
626
73
530
242 589
332
207 324
959
504
277
489
313
548 760
710 288
799
157 805
894 653
565
863
107
239
163 458
193
35
76 200
942
387
342
71 552
354
82 751
998
864
192
560
52 417
820
364
585 846
349
971
635 27
913
110
350 269
549
161 372
326
716 664
367
652
762 238
46 262
673 847
266 104
413 116
336 221
755
574
869
122
162 825
784
251
728
855
537 422
56
486
977 204
60
842
250 861
640
265
475 524
627
186
446
441
275
312
482 270
177
978
211
886
120
283
280 271
510 806
109
785
941 563
928 774
509
146 927
567
245
434 651
366 581
781 95
278
164
747
320
739
538
160 383
223 359
787
505
470 636
167
944
955
854
395 445
983
260
599 461
519
551
698 522
362
170
754
688
620 31
478 108
23
97 20
997
468
605
987
464 252
174
507
68 841
225
90
377
829
314
40 668
53 85
352
919 876
70
202
679
125
166
21
914
878
346
141
702
300
203
995 182
279
378
954
102 726
12 191
401 798
681 558
791
691
840 15
272
149
254
64 355
219
767
900
992
8 390
780
660 427
744 535
224 382
216
467
534 609
309
746
485
315
169 991
596
212
379
317
14
41
804
836
201
215 981
261
451
532
404
127
851
340
410 248
145
32 622
406
994
43
274
351
835 615
946 338
481 101
209
130 153
867
948
580 544
437 902
150 133
756
612 521
135
870
357
824 853
669
374
616
797 891
373 137
892 564
962
296
666 88
89
447 117
226 408
569
319
426 124
642
213
496 685
637 341
576
26 974
722
887
152 214
497
302
556
889
641
267
62
597
830
610
540
397
772
757
859
140
670 700
369
29
136
662 562
901 858
732
425
704
684 371
13
480
712
179
423
228
92
290 414
966
210
778
752 432
951
996 915
630 273
255
761
639
850
667
823
918 264
779
50
77
154
682
665 572
650
742
190 759
123 96
865
347
491
415 244
25
907
436
656
922
950
325
103
906
112
877
37 476
701 310
178
222
672
495 985
573 183
217
335 180
708
557
429
935
233
875
735 129
194
435
45
529 94
598 783
606
675 492
827
845
184
849
632 227
647
678
794 542
499
389
411
391
917
908
