750
976
963
208
213
591
817 920
100
307 185
996 915
863
469 143
89
803
507
277
467
899
304 428
995 182
744 535
212
994
680
530
159
771
322 699
376 800
162 825
569
325
681 558
573 183
594
479
716 664
495 985
127
331 365
554
510 806
472
509
531
763 69
752 432
812
500
596
481 101
353 795
401 798
253 695
146 927
840 15
669
363 206
597
298
968 553
616
286
965 953
272
708
629
718
772
908
110
381
966
658
247
451
431
354
907
389
315
268
989
66 343
560
130 153
156 689
780
527 578
109
646
624 661
799
297 403
121
122
848
394 131
259 231
166
644
900
480
287
790
254
250 861
741
367
990 686
219
187
81
217
684 371
76 200
134 866
328
205
125
670 700
655
23
491
218 523
12 191
736
892 564
677
904 55
550
202
78
256 65
56
540
923
894 653
612 521
787
851
504
339 115
346
457
210
671
86 543
40 668
810 929
928 774
157 805
293
724
679
327 582
203
435
871 513
420
977 204
713
468
844
299
73
682
831
764
886
747
499
722
39
534 609
944
570
901 858
319
672
561
992
135
178
807
666 88
702
255
756
392 838
818 883
777
814 188
317
155 498
230
436
709 659
663
588
648
282
909 676
753 438
802
678
447 117
70
954
815
811
229
835 615
620 31
733
864
766
77
80 545
600 466
167
169 991
342
215 981
102 726
728
536
477
903 528
223 359
384 291
60
660 427
10 318
784
119 633
404
830
181
801 566
266 104
761
349
804
514
873 568
279
239
917
456
267
497
642
579 758
674 765
645
874
280 271
366 581
400
696 715
242 589
998
842
465 571
176
548 760
430
190 759
364
380
488
375 409
152 214
824 853
656
598 783
748
962
68 841
823
220
849
118 547
533
896
556
587 2
111
691
473
47 236
225
335 180
323
61 898
905
791
84 18
149
42
757
549
515
347
261
281
512 884
537 422
361
83
793 418
275
779
138 788
826
92
964
90
377
916 832
29
309
196
675 492
493
199 628
617 945
889
91 51
692
433
934 717
529 94
58 471
519
64 355
887
294
936
606
559
639
652
599 461
470 636
423
745
855
517 385
453
593
762 238
511 249
53 85
506
5
919 876
348
320
649
478 108
778
161 372
395 445
654
224 382
867
413 116
854
28
650
608 980
463
449 321
538
827
326
177
136
767
421
233
541
107
969
311
786
565
913
192
258
782 57
222
358
982 750
441
938
235
475 524
532
970
971
260
33
397
575
910 501
869
483
276
706
19
634 590
189
665 572
947 988
226 408
729
946 338
32 622
462
975
516
373 137
379
576
62
140
103
150 133
986
391
723
630 273
6 30
712
667
781 95
740 452
170
743
289 697
585 846
313
983
1
592
98
690
378
580 544
482 270
316
337 0
486
195 952
710 288
112
797 891
300
410 248
895
948
839
128 882
228
194
50
625 973
356
168 749
369
158 816
37 476
490 243
4
850
336 221
870
232
551
687
290 414
877
893
833 114
487 49
773 796
16
727
603 618
640
940 484
822
93 957
865
632 227
216
11
179
393
933
694
352
610
602
314
881 657
739
961 398
539
837 407
145
836
555
123 96
683 643
647
211
237 601
132
485
120
34
755
99 455
425
673 847
25
3
350 269
303
87
113
459 518
429
370
978
738
627
785
54 386
308
875
141
705 474
8 390
257 911
821
732
584
526
614
460
623
792
17
897 345
46 262
878
972
704
48
711 828
949 937
209
7
139
768
442
769 402
278
285 958
605
464 252
505
419 731
24
415 244
725
621
148
265
979 813
925
754
396
184
701 310
35
173 789
872 295
583 943
9
340
912 956
440
859
142
930 960
426 124
922
193
368 984
808 721
197
71 552
263 105
735 129
857 344
737 770
567
775
198 126
503 619
52 417
360
931
914
434 651
332
245
714 595
698 522
662 562
776
631 36
809
845
450
416
794 542
638
520
41
301
868 172
829
362
43
494 246
334
950
44 999
987
374
820
201
860
890
939
906
21
67 59
935
613
305
175 444
448
885 577
959
74
154
734
174
399 388
955
357
918 264
439
151 586
241
967 72
604
688
502
75
707
351
251
819
160 383
742
719
525 165
437 902
611
574
637 341
163 458
856 234
843
446
302
880
496 685
951
921
746
411
164
641
405 147
171 144
443 834
546
557
306 703
82 751
454 720
942
924
240
387
14
186
730
106
97 20
26 974
693
879 79
997
941 563
312
207 324
852
284
489
330 932
626
329
607 424
63
274
993 862
292
45
22
888
283
926
508
412
38
333
406
13
635 27
296
