750
296
170
463
729
430
652
356
229
944
956 273
546
405 126
766
436
284
136
744 806
165 982
125
633 262
102 244
33
714 891
788 781
429
532
949 269
773 449
826
551
202
118 957
191 674
70
490 198
94 12
409 464
249 717
158 915
642
939
201
242 930
777
310 984
724
535 218
397
657 697
258
127
790
566 55
89
962
341 920
74
671
211
990 101
567
668 76
5
319
908
970
502
111
880
979 517
45
232
504
43
658
631 953
422 253
26 37
344 673
791
486
720 783
329
549
737 894
316
222
192
529 496
27 257
179
141
106
563 392
62
564 965
387
589 290
557
340
326
68 659
357
275
829
19
858 521
183 129
367
694
782 195
467
358
29
785
556
121
283
277
318 941
798 562
718
185 256
855
933
704
687
260
322 182
208
134 866
11
291 911
393
7
96 770
522 883
440
93 2
947 813
723
423
548 758
351
622 974
937 304
604
216
71 168
441
300
748
307 696
261
639
534 630
234 701
477
113
786
540
656
841 817
35
497
527 495
636 128
514
690
607 321
792
18 386
308
536
576
728
952 752
174
207 51
831
339 928
172 124
334
533
778
705 625
767
81
593
210
775
390 800
444 685
412
615 414
900
520
554
983
537 338
730
574
959
65 750
765 399
591
447 151
951
645
964
881 940
49 419
575
755
992
342
610
960 289
875
844
314
843
79 492
722
935
133 973
164
815
442
731 259
197
682
906
240
664 518
77
374
469 901
34
734
934 137
637 617
13
1
53 759
247
365 115
489
401 824
130 547
8 686
708
505
975
143 703
241
606
986
569
644
640
903 306
107
64 327
471 837
702
380
531
597
171 285
227 173
626
206 909
799
4
692
120
360
795 543
265
301
821
450
827
276
473
438 968
592
550
616
727
122
819
672
836
859
706
611
621
100
526
764
948
363 104
987
75
60
17
445 15
629
132
199 873
381
66 598
462
110
756
347
246 156
417 958
435
177
861 943
472
725
584
16
131 995
735 793
669
245
190 163
389
162 510
921
738
931
797 503
483
91 572
465 84
647
719
608 350
433
299
609 452
187
50
893
268
41
180 223
997
395 295
801 458
373 476
812
152 407
842
834 988
78
828 670
553 36
403 138
746
878
48
851
312
509
638
271 376
85 524
680
87
555
323
448
354
967 88
599 977
38
420
776
666 494
23
760 789
732
677
411
24
369
507
869
689 175
927 872
745
539
9
188 270
217
663
870
624 805
678
184
787
648
889
715 236
317
0 512
910 587
655
324 651
309
348
194
20 808
353 116
142
840 511
904 580
213
378
279
112
780
950
149
879 250
408 474
362
614
451
693
538
602
914
839
641
822
456
325
710 487
646
916 612
961 40
739
212
853 58
160 857
994
144 552
887
544 632
922
845
860
161 698
181
219
332
560
461 52
331 226
945 157
428 345
996 542
370
971
203
998
886
457
453
294
286
209
925
890
481 620
499
109
368 366
235
159
716 31
936
885 359
215 146
336 388
585 150
955
396
559
379
530
147 221
14
287
479
980 578
83
681 382
516
406
233
446
383 484
371 929
515
431
713
454 61
854
92
298
570
823
425
426 214
400
711 384
833 105
230
243 985
90
882 248
976
779
848
320
361
804
653 478
761
774 695
10 665
926
21
434 237
459 432
391
832 586
398 67
264 577
421
39
899
346
877
741
623
335 32
605
178
349
313
675 44
654
166
802
148
923
72 573
200 413
508
343 330
302
375 47
30 482
847 571
588
662 498
919 595
772
328
811
42
769 169
809
410 579
224 871
989
154
896
969
404
803
688
972
852
255
743
820
355 635
946 337
917
372 86
56
558 114
736
691
867
618 981
145
796 99
814 897
667
709 155
649
898 108
455 252
865
239
757
352
6 868
519
333
627
565
416
523 59
568 266
418 846
613
807
73
892 69
590 683
525 993
153 204
315
282
364
424 394
251
561
480
311
850
117 660
305
135
46 582
963
978
22
700 80
439
196
402 619
862 603
676 912
954
500
740 123
97 443
888
707
254
818 763
712
942
28
661 643
98
581 263
186
238 427
918 876
3
475 501
193
491
905
470 999
849
874
139
303
485
63
297 838
25
57 437
280 82
176
293
835 601
596
278
205
513 466
810 749
924
583 726
288 825
493
966
460
634 856
189
488
54 932
771
119 528
863
816 628
784
228
103
902 415
594
938
167
506
650
742
762 991
721 699
794 684
754
733
292
225
768
140
541
753 545
377
281
913
747
274
220
830
884 600
267
679
272
231 751
907
95 385
895
468
864
