750
629
773 796
900
525 165
635 27
412
555
467
490 243
54 386
387
998
3
677
887
913
559
520
346
367
830
812
283
148
705 474
767
840 15
290 414
279
325
323
917
277
478 108
752 432
44 999
384 291
149
313
607 424
486
938
235
242 589
176
52 417
602
785
87
574
983
23
879 79
84 18
744 535
924
439
908
641
462
814 188
364
159
923
530
827
605
208
240
217
5
74
335 180
507
839
663
674 765
710 288
872 295
464 252
640
556
75
120
125
381
761
850
939
309
596
275
203
405 147
737 770
138 788
730
70
963
881 657
48
893
287
157 805
505
472
603 618
173 789
434 651
211
280 271
229
790
948
616
642
610
711 828
404
829
588
987
918 264
966
370
655
154
281
930 960
162 825
934 717
745
399 388
746
53 85
897 345
353 795
979 813
35
121
982 750
854
978
25
936
39
895
187
860
868 172
820
333
222
357
797 891
808 721
232
112
266 104
426 124
626
491
373 137
856 234
437 902
807
648
766
928 774
198 126
824 853
454 720
776
494 246
194
93 957
764
267
375 409
489
19
139
421
534 609
92
537 422
772
532
763 69
205
50
780
127
889
67 59
821
441
12 191
62
976
716 664
612 521
395 445
799
826
168 749
22
216
667
549
736
68 841
509
430
955
947 988
994
392 838
32 622
123 96
156 689
247
933
925
99 455
997
670 700
713
922
497
151 586
694
331 365
690
6 30
540
650
90
817 920
24
487 49
627
993 862
639
843
541
551
784
109
725
410 248
212
340
389
912 956
16
314
723
728
598 783
433
855
312
779
809
380
132
46 262
560
845
844
647
950
292
329
819
755
100
972
561
366 581
460
268
253 695
903 528
786
76 200
942
777
423
475 524
192
315
802
311
514
946 338
111
681 558
396
837 407
61 898
496 685
684 371
394 131
680
696 715
753 438
621
583 943
425
226 408
305
237 601
823
971
906
122
40 668
146 927
63
349
47 236
613
673 847
456
316
526
446
304 428
258
319
712
733
536
448
80 545
630 273
136
949 937
161 372
14
119 633
379
954
91 51
160 383
970
864
289 697
33
894 653
792
197
302
374
836
539
37 476
215 981
822
967 72
660 427
771
443 834
592
645
171 144
778
468
260
241
865
110
896
451
990 686
757
332
177
9
916 832
195 952
495 985
857 344
931
977 204
64 355
625 973
614
701 310
742
480
38
842
420
485
282
413 116
463
225
951
734
575
787
646
363 206
986
756
672
548 760
678
276
754
449 321
219
102 726
671
142
867
604
113
848
852
964
150 133
213
899
718
469 143
584
709 659
959
1
411
218 523
508
859
591
199 628
869
682
512 884
431
220
874
457
223 359
527 578
328
257 911
13
617 945
570
308
649
608 980
303
732
358
593
224 382
565
391
793 418
477
706
21
620 31
429
910 501
97 20
239
163 458
10 318
506
190 759
167
481 101
803
233
921
944
135
26 974
263 105
769 402
873 568
447 117
693
637 341
8 390
201
962
155 498
301
493
747
285 958
45
739
687
992
554
436
259 231
849
880
118 547
202
652
207 324
58 471
34
181
406
729
306 703
307 185
401 798
158 816
128 882
735 129
888
362
473
300
815
502
892 564
624 661
286
89
28
698 522
86 543
470 636
354
43
82 751
356
435
688
669
511 249
337 0
482 270
499
727
77
327 582
691
941 563
638
352
298
416
794 542
573 183
531
320
504
634 590
538
781 95
350 269
516
377
4
654
152 214
871 513
251
134 866
140
256 65
272
342
166
71 552
368 984
631 36
600 466
901 858
78
193
599 461
658
791
741
141
56
515
801 566
164
579 758
907
885 577
360
245
299
835 615
130 153
107
878
851
580 544
644
594
330 932
174
170
145
875
704
679
459 518
60
995 182
210
909 676
969
818 883
378
178
965 953
179
66 343
376 800
397
297 403
479
810 929
804
707
453
666 88
42
529 94
261
623
890
83
831
11
347
533
870
768
400
662 562
940 484
510 806
500
775
782 57
278
465 571
230
351
339 115
265
419 731
905
692
914
322 699
255
611
863
587 2
73
833 114
106
935
209
196
284
442
326
961 398
293
519
656
393
989
175 444
29
336 221
98
975
743
186
361
483
546
317
254
334
557
719
569
296
606
724
41
722
440
517 385
369
740 452
926
7
189
294
919 876
81
250 861
665 572
488
348
450
576
811
567
184
675 492
877
714 595
415 244
886
228
550
702
597
708
632 227
17
169 991
748
904 55
585 846
996 915
103
683 643
738
274
968 553
762 238
503 619
