750
820
819
299
368 984
346
158 816
702
411
222
245
181
32 622
877
256 65
638
84 18
304 428
361
612 521
482 270
462
802
567
329
509
626
679
435
512 884
692
511 249
714 595
890
857 344
290 414
135
673 847
43
525 165
446
694
186
150 133
70
443 834
367
193
763 69
839
464 252
167
627
570
255
192
317
467
146 927
320
597
878
881 657
166
822
23
56
136
97 20
63
254
663
64 355
879 79
201
14
202
591
736
925
279
938
903 528
951
60
140
301
933
939
314
792
164
585 846
292
625 973
740 452
92
607 424
190 759
175 444
357
811
995 182
145
624 661
608 980
356
766
771
971
366 581
34
154
746
886
551
583 943
401 798
352
212
660 427
194
942
897 345
833 114
724
557
369
468
928 774
645
641
113
106
242 589
465 571
233
459 518
184
259 231
801 566
797 891
399 388
121
837 407
215 981
529 94
727
600 466
701 310
681 558
693
141
3
919 876
986
151 586
814 188
556
83
413 116
831
707
139
22
526
812
122
550
90
52 417
677
950
713
319
111
975
220
709 659
747
723
28
328
218 523
232
266 104
998
864
360
287
640
38
698 522
100
716 664
263 105
81
506
289 697
73
207 324
743
349
781 95
647
826
4
712
340
391
127
107
921
354
735 129
815
754
555
125
785
53 85
7
536
778
347
722
71 552
412
904 55
772
316
666 88
516
672
729
909 676
78
527 578
260
906
336 221
830
851
157 805
756
779
549
629
189
261
908
865
767
768
579 758
753 438
463
47 236
208
982 750
226 408
284
989
253 695
283
665 572
575
755
541
251
410 248
330 932
179
173 789
738
274
843
205
24
650
968 553
499
425
992
780
580 544
507
576
110
978
922
680
454 720
351
275
849
405 147
532
487 49
899
216
961 398
946 338
102 726
761
594
614
177
776
632 227
691
89
842
856 234
58 471
91 51
168 749
138 788
247
309
534 609
959
688
656
548 760
195 952
561
737 770
342
210
840 15
434 651
620 31
160 383
874
241
896
237 601
963
475 524
808 721
637 341
682
539
421
334
12 191
855
33
456
196
769 402
392 838
916 832
613
37 476
76 200
86 543
315
132
752 432
170
26 974
420
375 409
209
267
639
80 545
486
674 765
118 547
669
901 858
923
230
470 636
62
25
678
598 783
873 568
332
930 960
305
109
358
281
282
363 206
675 492
308
16
994
892 564
954
11
940 484
977 204
705 474
949 937
268
804
199 628
313
900
293
610
322 699
419 731
505
734
429
621
993 862
406
217
311
596
74
573 183
448
258
239
229
433
61 898
280 271
782 57
559
868 172
762 238
718
491
912 956
396
605
437 902
442
955
635 27
423
350 269
478 108
871 513
298
277
967 72
739
335 180
250 861
835 615
584
1
451
483
353 795
894 653
272
854
278
152 214
708
515
996 915
706
910 501
460
9
775
538
178
296
662 562
381
472
312
431
302
203
228
379
35
741
488
690
983
187
604
587 2
531
436
895
477
970
337 0
745
325
667
400
880
6 30
306 703
40 668
46 262
646
416
962
888
98
307 185
748
893
913
827
936
704
905
376 800
5
514
380
370
387
821
17
829
481 101
156 689
710 288
773 796
810 929
990 686
744 535
426 124
394 131
742
393
652
683 643
331 365
790
77
103
327 582
687
964
123 96
297 403
473
696 715
654
845
655
809
440
8 390
48
684 371
99 455
533
447 117
469 143
348
791
75
817 920
777
223 359
500
719
944
966
728
965 953
824 853
867
870
480
364
546
13
441
616
530
863
303
875
569
997
300
642
592
495 985
807
649
725
490 243
169 991
496 685
326
276
389
918 264
479
617 945
449 321
119 633
415 244
235
926
914
161 372
489
39
176
588
395 445
972
987
969
19
794 542
213
574
852
836
134 866
294
162 825
374
907
503 619
240
50
128 882
935
82 751
155 498
10 318
648
602
93 957
68 841
163 458
404
211
732
860
257 911
502
554
219
112
924
265
537 422
787
66 343
603 618
285 958
887
323
869
670 700
784
941 563
757
885 577
142
504
917
730
848
373 137
453
508
397
148
671
634 590
362
565
510 806
889
225
611
87
793 418
450
823
733
45
658
42
818 883
44 999
859
384 291
599 461
457
224 382
286
540
378
844
711 828
333
377
439
159
41
29
560
630 273
606
339 115
850
493
497
54 386
803
764
494 246
520
623
519
198 126
948
67 59
872 295
979 813
149
21
976
174
120
947 988
644
430
517 385
171 144
931
130 153
631 36
799
934 717
485
593
786
197
