750
730
844
72 573
277
986
438 968
739
889
664 518
551
499
584
297 838
213
688
455 252
608 350
448
488
294
887
191 674
165 982
560
286
835 601
597
421
485
927 872
470 999
160 857
142
715 236
994
614
483
863
557
760 789
291 911
220
990 101
411
976
433
201
127
935
390 800
816 628
913
776
661 643
826
879 250
49 419
753 545
454 61
907
914
902 415
742
347
956 273
62
377
823
795 543
718
864
373 476
662 498
393
553 36
313
640
723
679
938
95 385
197
812
549
690
676 912
948
741
341 920
516
798 562
234 701
194
255
318 941
769 169
842
445 15
865
144 552
694
336 388
233
17
205
905
604
569
792
655
243 985
251
48
768
656
140
339 928
428 345
477
333
532
735 793
926
389
417 958
440
530
593
147 221
239
650
526
232
93 2
365 115
687
624 805
691
434 237
725
272
779
979 517
426 214
925
199 873
103
712
480
716 31
820
737 894
28
0 512
885 359
328
785
541
536
181
903 306
710 487
634 856
969
97 443
959
370
451
648
836
271 376
762 991
387
766
246 156
954
704
26 37
860
765 399
468
491
453
344 673
130 547
224 871
134 866
74
303
83
381
288 825
187
719
240
282
35
992
10 665
671
66 598
60
317
471 837
375 47
616
849
320
296
504
945 157
118 957
94 12
934 137
636 128
675 44
371 929
546
555
441
892 69
1
87
924
827
708
970
527 495
457
790
923
605
875
153 204
658
721 699
33
357
997
787
75
278
814 897
38
539
788 781
143 703
904 580
209
34
896
176
70
136
231 751
791
963
43
258
100
431
831
740 123
581 263
121
185 256
4
225
711 384
42
7
188 270
171 285
111
14
709 155
21
878
325
462
962
404
919 595
210
39
644
106
302
693
473
821
653 478
960 289
178
356
459 432
56
652
8 686
396
568 266
966
486
469 901
877
63
505
592
917
677
796 99
638
778
158 915
418 846
514
506
18 386
268
689 175
570
531
734
96 770
500
626
767
179
647
680
623
53 759
942
594
815
852
400
190 163
840 511
342
3
410 579
565
54 932
727
585 150
513 466
132
862 603
971
939
439
898 108
461 52
305
193
799
944
64 327
284
436
538
657 697
167
839
283
666 494
493
395 295
203
222
746
249 717
606
281
888
610
755
11
276
463
117 660
383 484
588
238 427
627
280 82
397
229
978
559
961 40
554
870
937 304
515
109
261
736
692
609 452
215 146
45
843
618 981
895
833 105
678
112
508
804
745
242 930
922
681 382
312
771
523 59
869
90
886
777
893
186
322 182
890
68 659
829
906
641
29
613
405 126
786
964
430
363 104
46 582
987
607 321
707
301
854
429
361
41
279
315
79 492
548 758
731 259
442
738
519
135
714 891
918 876
202
507
25
845
654
119 528
230
343 330
287
490 198
50
649
774 695
722
757
228
611
558 114
629
589 290
450
125
637 617
502
145
983
668 76
672
196
275
227 173
602
456
353 116
782 195
435
323
299
398 67
847 571
591
797 503
379
192
724
702
803
729
369
311
378
355 635
867
744 806
332
522 883
216
310 984
989
949 269
705 625
489
241
811
764
107
177
596
921
368 366
235
955
308
980 578
391
57 437
663
809
206 909
946 337
952 752
996 542
563 392
444 685
819
349
936
91 572
576
775
152 407
98
13
164
848
161 698
481 620
900
131 995
853 58
802
882 248
133 973
71 168
23
212
351
639
810 749
780
73
20 808
855
412
102 244
884 600
834 988
732
367
850
535 218
916 612
346
998
621
566 55
720 783
30 482
646
479
24
5
794 684
166
402 619
540
754
149
761
425
880
801 458
881 940
520
642
335 32
16
92
747
85 524
154
807
293
159
380
298
818 763
329
319
300
189
669
645
27 257
951
975
110
465 84
550
401 824
861 943
972
841 817
590 683
899
372 86
533
211
599 977
631 953
260
334
364
180 223
374
326
358
141
264 577
267
170
424 394
446
622 974
830
851
352
447 151
874
309
78
497
756
245
947 813
316
784
408 474
208
172 124
120
81
331 226
184
254
113
22
274
460
207 51
362
19
706
406
822
615 414
931
908
967 88
314
733
265
403 138
575
700 80
772
348
139
409 464
65 750
89
340
564 965
247
122
467
537 338
544 632
423
574
728
525 993
529 496
509
583 726
748
219
183 129
162 510
858 521
217
6 868
910 587
933
475 501
667
200 413
472
360
148
682
743
324 651
950
633 262
859
174
422 253
354
556
713
77
832 586
420
773 449
828 670
307 696
9
561
416
567
292
534 630
