750
707
298
489
761
111
710 288
32 622
814 188
503 619
687
216
363 206
352
675 492
175 444
913
237 601
576
504
162 825
696 715
139
39
978
885 577
886
939
555
822
916 832
496 685
425
113
667
593
384 291
239
426 124
663
73
746
815
901 858
254
374
516
89
730
649
102 726
998
312
502
580 544
267
251
52 417
716 664
327 582
520
167
744 535
396
367
437 902
532
44 999
299
448
831
256 65
98
453
203
924
128 882
933
923
541
556
7
823
43
93 957
177
487 49
134 866
748
194
29
842
342
127
118 547
33
447 117
702
401 798
283
931
569
994
666 88
627
450
881 657
837 407
186
480
565
337 0
919 876
159
917
181
779
797 891
462
150 133
211
714 595
174
551
132
871 513
483
423
276
412
591
650
121
732
869
794 542
811
845
599 461
393
430
875
286
972
41
309
835 615
107
12 191
416
537 422
635 27
209
810 929
990 686
905
824 853
903 528
106
844
61 898
704
756
592
910 501
287
930 960
161 372
339 115
739
772
485
87
868 172
656
14
35
728
961 398
78
478 108
740 452
550
202
361
190 759
389
92
207 324
713
951
867
136
870
646
494 246
644
210
660 427
935
678
741
152 214
979 813
350 269
442
629
296
443 834
719
799
34
329
527 578
583 943
596
680
712
297 403
410 248
168 749
639
992
752 432
585 846
146 927
970
475 524
722
97 20
908
512 884
894 653
242 589
488
938
802
851
112
921
762 238
192
963
575
605
771
456
369
198 126
122
394 131
233
736
315
477
467
47 236
531
263 105
302
630 273
944
655
250 861
672
778
316
26 974
623
308
21
579 758
529 94
983
166
692
723
197
10 318
673 847
195 952
75
149
624 661
511 249
604
333
560
247
597
217
135
37 476
497
109
942
348
833 114
335 180
449 321
900
889
606
281
508
472
56
904 55
742
3
441
691
964
486
120
419 731
259 231
906
25
375 409
812
669
612 521
196
400
71 552
895
213
360
84 18
223 359
787
987
634 590
173 789
640
922
381
158 816
354
909 676
482 270
839
533
11
334
268
982 750
46 262
817 920
648
404
613
45
232
373 137
60
222
561
614
125
962
729
347
681 558
290 414
638
215 981
294
19
68 841
848
157 805
280 271
850
38
608 980
918 264
358
285 958
804
658
187
405 147
468
469 143
607 424
735 129
336 221
745
671
253 695
679
967 72
654
625 973
641
495 985
701 310
925
734
491
220
785
688
376 800
652
588
836
570
193
718
647
300
855
976
397
995 182
303
340
926
603 618
517 385
460
81
70
914
690
515
986
610
218 523
892 564
311
546
554
540
24
897 345
500
257 911
319
331 365
306 703
164
507
169 991
708
662 562
863
880
156 689
899
53 85
768
843
509
738
160 383
399 388
602
317
819
230
573 183
548 760
743
411
534 609
941 563
538
725
235
684 371
549
757
996 915
776
769 402
792
790
50
91 51
567
989
801 566
526
766
171 144
637 341
379
977 204
683 643
391
803
479
184
313
912 956
266 104
674 765
123 96
284
600 466
767
965 953
421
282
201
781 95
48
272
77
733
356
873 568
642
351
119 633
392 838
457
948
840 15
514
539
878
525 165
4
420
519
763 69
940 484
559
86 543
224 382
434 651
705 474
493
830
793 418
464 252
753 438
890
786
326
366 581
439
62
584
490 243
865
429
330 932
777
557
368 984
212
727
782 57
857 344
66 343
228
791
151 586
346
357
709 659
138 788
82 751
975
621
22
265
754
872 295
440
67 59
747
499
887
141
301
83
179
737 770
40 668
99 455
277
90
954
9
829
677
1
189
145
293
459 518
506
616
199 628
76 200
950
505
241
997
594
888
481 101
620 31
936
827
934 717
665 572
6 30
225
100
387
682
395 445
364
820
260
907
928 774
969
413 116
946 338
155 498
433
465 571
993 862
764
142
74
711 828
275
536
947 988
258
896
16
826
626
23
28
949 937
436
775
645
332
879 79
304 428
451
755
864
893
58 471
219
510 806
856 234
821
849
380
693
454 720
208
632 227
598 783
328
314
955
322 699
255
362
670 700
874
773 796
13
274
877
780
353 795
470 636
377
807
307 185
852
163 458
611
818 883
279
473
446
110
170
63
587 2
5
323
574
305
325
130 153
435
966
140
971
694
54 386
378
261
240
176
431
320
289 697
226 408
406
103
784
530
959
809
463
245
854
8 390
205
148
64 355
42
349
968 553
178
278
724
17
706
698 522
229
370
808 721
860
292
617 945
631 36
859
154
415 244
80 545
