750
652
97 443
90
546
410 579
274
530
241
719
839
323
212
693
25
360
406
536
83
200 413
747
931
623
300
849
279
49 419
118 957
831
969
171 285
60
320
732
133 973
261
481 620
370
682
526
243 985
913
408 474
284
942
54 932
814 897
769 169
454 61
333
444 685
26 37
20 808
292
563 392
268
826
233
358
822
907
21
564 965
453
835 601
229
667
181
597
765 399
845
899
843
125
653 478
730
184
383 484
658
768
791
112
946 337
139
823
773 449
352
778
576
309
329
456
194
989
881 940
864
369
56
455 252
996 542
827
964
296
258
583 726
310 984
706
421
516
179
230
457
117 660
132
373 476
144 552
523 59
880
351
153 204
939
816 628
888
566 55
423
207 51
412
848
997
650
391
505
135
211
720 783
378
0 512
585 150
963
634 856
902 415
631 953
903 306
621
678
145
459 432
649
172 124
575
615 414
841 817
829
239
898 108
584
788 781
9
986
506
950
251
900
477
441
610
396
780
727
567
807
648
933
549
971
190 163
281
532
657 697
754
166
513 466
592
735 793
402 619
642
342
113
745
314
435
340
92
952 752
844
127
34
515
672
862 603
607 321
961 40
914
522 883
196
803
165 982
81
938
945 157
668 76
27 257
606
661 643
63
96 770
231 751
23
561
959
590 683
555
895
473
983
224 871
710 487
46 582
372 86
675 44
416
553 36
599 977
639
245
608 350
140
439
908
50
232
341 920
863
431
905
355 635
980 578
655
689 175
554
68 659
420
210
349
970
305
440
488
918 876
6 868
160 857
850
315
795 543
158 915
30 482
354
103
131 995
462
734
753 545
669
799
766
331 226
111
596
743
191 674
725
708
75
100
537 338
278
159
18 386
162 510
78
776
748
66 598
334
738
433
72 573
677
87
353 116
411
731 259
365 115
332
638
711 384
760 789
335 32
830
594
556
271 376
205
713
486
154
319
77
490 198
641
202
504
39
924
714 891
307 696
277
276
569
197
109
910 587
854
979 517
265
962
589 290
786
436
502
815
852
767
336 388
534 630
282
451
288 825
216
609 452
470 999
949 269
371 929
475 501
11
122
375 47
57 437
134 866
728
937 304
14
557
740 123
339 928
362
312
568 266
317
654
346
721 699
723
744 806
479
381
208
217
919 595
722
91 572
8 686
782 195
38
395 295
294
947 813
298
471 837
119 528
925
425
193
4
771
508
774 695
302
497
998
777
694
225
960 289
951
389
821
904 580
142
875
322 182
465 84
858 521
926
656
234 701
636 128
712
509
802
17
29
450
62
209
357
297 838
811
429
870
192
935
535 218
739
213
174
724
680
283
176
828 670
804
344 673
170
286
404
681 382
893
467
356
559
102 244
463
242 930
219
106
622 974
7
177
662 498
227 173
784
400
834 988
538
533
520
764
19
167
480
558 114
688
403 138
840 511
860
691
240
525 993
591
812
801 458
716 31
646
936
548 758
235
809
401 824
485
746
267
704
428 345
247
107
186
183 129
975
1
519
238 427
794 684
707
604
121
663
886
978
311
41
676 912
990 101
73
71 168
343 330
551
430
299
390 800
944
3
877
842
206 909
387
249 717
664 518
565
65 750
95 385
756
493
539
736
687
611
954
647
666 494
328
574
461 52
785
972
847 571
541
987
110
644
757
35
874
13
70
434 237
921
787
74
260
398 67
762 991
645
316
228
890
438 968
185 256
593
792
246 156
147 221
507
613
417 958
820
867
489
934 137
448
280 82
879 250
43
460
624 805
499
264 577
293
301
690
215 146
161 698
966
602
819
152 407
994
855
605
5
10 665
859
254
715 236
188 270
291 911
560
348
16
287
201
93 2
779
885 359
64 327
220
85 524
79 492
363 104
377
367
851
130 547
836
588
308
887
422 253
832 586
426 214
149
861 943
347
368 366
189
180 223
424 394
53 759
810 749
709 155
614
409 464
755
178
397
199 873
275
916 612
527 495
906
393
761
469 901
570
796 99
42
89
956 273
514
884 600
737 894
326
364
853 58
718
702
374
544 632
878
472
379
633 262
550
775
120
892 69
136
705 625
637 617
729
818 763
468
141
733
626
33
187
418 846
45
865
148
22
143 703
491
380
798 562
923
671
361
955
742
869
797 503
772
446
679
992
540
976
896
917
790
529 496
255
741
922
692
640
98
318 941
581 263
313
48
616
203
948
445 15
627
618 981
272
24
882 248
833 105
28
405 126
531
483
442
629
500
303
164
447 151
889
325
927 872
94 12
324 651
700 80
967 88
222
