750
169 991
964
781 95
330 932
434 651
674 765
102 726
149
97 20
802
597
634 590
892 564
6 30
583 943
70
667
942
673 847
907
561
965 953
256 65
833 114
415 244
707
17
463
830
787
413 116
158 816
192
132
178
157 805
967 72
354
843
868 172
112
61 898
339 115
810 929
537 422
850
500
316
976
357
440
534 609
369
801 566
152 214
576
225
259 231
733
672
292
885 577
818 883
24
459 518
681 558
326
73
127
930 960
14
66 343
145
821
849
662 562
235
309
935
533
924
306 703
701 310
350 269
41
603 618
142
46 262
809
148
99 455
12 191
439
901 858
621
25
880
50
691
613
635 27
645
370
506
251
120
448
900
549
669
887
107
203
454 720
548 760
123 96
237 601
870
954
43
554
201
777
281
56
637 341
315
150 133
212
820
925
71 552
567
836
776
682
811
364
713
516
197
940 484
939
450
536
195 952
610
436
342
640
864
211
216
110
775
860
429
219
934 717
867
817 920
856 234
482 270
648
977 204
239
890
690
3
503 619
989
245
658
559
285 958
631 36
322 699
650
946 338
896
872 295
888
599 461
959
526
975
799
456
325
7
184
874
652
420
992
423
698 522
638
367
257 911
161 372
138 788
443 834
737 770
223 359
166
692
746
411
174
83
232
996 915
757
914
468
93 957
300
509
791
579 758
26 974
616
48
780
814 188
632 227
519
785
205
302
198 126
255
472
764
629
361
208
873 568
119 633
762 238
465 571
704
410 248
694
755
711 828
460
187
431
986
541
997
38
170
477
74
193
556
283
78
400
569
391
742
261
44 999
233
449 321
135
106
426 124
797 891
724
437 902
80 545
852
910 501
100
608 980
630 273
719
277
808 721
230
675 492
794 542
654
827
19
978
442
530
298
146 927
493
771
784
656
258
565
863
52 417
433
740 452
202
584
122
250 861
532
835 615
163 458
228
76 200
735 129
763 69
47 236
918 264
531
489
947 988
729
380
320
639
889
665 572
859
625 973
611
98
39
226 408
268
486
644
560
917
276
360
210
488
655
812
151 586
585 846
327 582
167
176
728
497
936
199 628
926
399 388
769 402
696 715
317
899
983
491
752 432
706
968 553
538
284
179
347
353 795
879 79
767
897 345
90
475 524
162 825
186
962
745
457
296
877
368 984
723
209
28
786
803
37 476
933
395 445
499
739
815
969
702
286
881 657
394 131
462
855
397
287
938
308
893
118 547
109
570
375 409
267
908
181
730
684 371
580 544
121
60
683 643
671
666 88
709 659
217
451
404
480
824 853
993 862
642
213
714 595
540
401 798
154
275
77
512 884
348
594
11
464 252
753 438
995 182
45
103
588
955
453
215 981
604
13
772
10 318
865
670 700
376 800
979 813
220
718
425
677
299
722
708
727
614
21
822
931
311
265
241
951
738
381
494 246
64 355
303
507
253 695
307 185
336 221
196
419 731
741
140
156 689
663
481 101
282
649
982 750
314
294
520
869
839
222
111
58 471
164
840 15
62
159
837 407
84 18
441
592
483
247
473
175 444
319
130 153
949 937
260
125
607 424
511 249
878
679
113
871 513
626
289 697
389
332
510 806
304 428
373 137
63
928 774
254
9
972
4
224 382
141
598 783
895
363 206
272
406
190 759
87
923
826
761
990 686
919 876
504
573 183
334
421
612 521
240
766
596
416
551
352
732
312
593
970
768
905
575
912 956
641
756
435
710 288
279
823
485
337 0
305
502
136
804
67 59
278
845
574
349
168 749
207 324
377
792
92
393
517 385
139
323
725
487 49
1
82 751
688
627
75
469 143
525 165
646
600 466
331 365
290 414
293
555
591
894 653
22
496 685
412
351
16
218 523
693
8 390
748
941 563
42
89
446
529 94
587 2
620 31
857 344
921
297 403
68 841
842
754
160 383
508
680
358
948
779
242 589
624 661
379
913
128 882
470 636
906
736
971
546
263 105
447 117
875
134 866
782 57
356
32 622
602
605
229
773 796
346
716 664
514
966
23
155 498
963
5
274
944
550
384 291
171 144
29
909 676
647
819
177
495 985
40 668
490 243
53 85
950
396
922
987
831
405 147
705 474
994
606
313
790
527 578
335 180
998
851
844
903 528
743
328
617 945
378
854
467
301
91 51
86 543
848
340
333
430
392 838
744 535
35
793 418
54 386
81
478 108
515
687
557
189
33
173 789
362
329
387
280 271
266 104
747
807
539
34
660 427
678
712
886
505
623
961 398
778
194
916 832
904 55
374
366 581
479
829
734
