750
583 726
400
627
194
87
178
640
639
865
525 993
710 487
193
284
913
818 763
956 273
28
668 76
882 248
272
592
678
348
14
429
729
9
208
548 758
895
796 99
421
622 974
509
281
858 521
442
188 270
748
550
822
417 958
408 474
647
693
422 253
356
655
762 991
485
738
11
307 696
925
161 698
320
935
839
690
370
216
202
584
60
585 150
315
470 999
7
107
513 466
463
102 244
774 695
379
403 138
132
131 995
140
261
91 572
831
532
946 337
70
424 394
540
254
963
772
180 223
367
352
341 920
810 749
507
500
691
631 953
207 51
54 932
310 984
311
286
848
418 846
803
246 156
777
230
784
184
22
650
119 528
251
328
172 124
618 981
145
815
727
106
53 759
916 612
900
786
514
819
791
174
325
176
336 388
792
416
74
411
666 494
245
801 458
423
314
776
17
445 15
557
160 857
397
853 58
241
162 510
238 427
481 620
903 306
530
439
605
593
23
654
92
465 84
440
917
886
19
199 873
787
566 55
100
206 909
213
677
190 163
158 915
139
428 345
247
228
637 617
179
217
287
209
737 894
854
964
441
646
461 52
836
840 511
923
816 628
4
148
5
519
318 941
744 806
645
229
860
938
283
667
377
375 47
205
718
830
902 415
820
671
450
317
599 977
201
794 684
575
453
130 547
499
972
702
203
143 703
275
141
93 2
460
700 80
907
675 44
596
187
3
939
661 643
927 872
110
527 495
235
638
299
951
730
950
361
961 40
725
467
373 476
75
323
574
274
62
722
870
16
297 838
834 988
629
309
515
371 929
435
608 350
761
576
358
567
292
924
615 414
339 928
721 699
539
109
231 751
147 221
95 385
1
766
113
624 805
298
351
354
483
559
200 413
553 36
71 168
523 59
29
826
125
551
742
814 897
807
952 752
154
192
522 883
42
847 571
24
960 289
133 973
239
850
271 376
740 123
812
835 601
516
771
733
387
910 587
181
48
879 250
568 266
588
103
797 503
829
215 146
881 940
33
73
302
821
918 876
754
506
734
360
294
97 443
823
25
491
980 578
486
68 659
969
922
177
249 717
609 452
756
57 437
944
959
34
111
705 625
558 114
134 866
46 582
613
404
987
94 12
663
455 252
975
970
381
757
372 86
343 330
38
804
869
989
634 856
986
368 366
222
56
649
210
992
921
438 968
260
610
880
369
288 825
861 943
892 69
626
607 321
378
389
664 518
724
391
581 263
642
240
564 965
669
335 32
526
72 573
520
937 304
538
98
334
990 101
353 116
623
809
480
904 580
541
680
170
728
896
473
942
344 673
300
331 226
171 285
716 31
30 482
505
706
533
594
196
342
20 808
569
890
89
704
682
469 901
874
788 781
719
739
713
267
459 432
765 399
233
243 985
780
707
430
135
694
502
454 61
77
537 338
764
85 524
363 104
731 259
714 891
778
26 37
340
549
606
602
555
18 386
998
475 501
614
395 295
983
884 600
291 911
488
504
611
112
906
775
489
420
149
426 214
41
570
531
255
919 595
462
159
406
893
21
529 496
412
197
316
747
662 498
931
456
471 837
477
225
405 126
773 449
212
390 800
425
27 257
534 630
49 419
232
760 789
164
798 562
687
746
875
66 598
13
979 517
554
120
679
6 868
692
409 464
908
396
293
561
676 912
652
658
332
947 813
591
65 750
735 793
121
899
962
242 930
556
185 256
333
152 407
779
398 67
224 871
433
851
63
621
479
305
117 660
785
799
81
357
888
278
364
926
444 685
994
50
447 151
434 237
967 88
976
393
219
380
324 651
563 392
265
636 128
833 105
802
842
616
136
346
936
153 204
715 236
402 619
308
843
234 701
497
282
723
878
191 674
590 683
681 382
167
189
864
672
811
446
688
347
859
457
849
544 632
996 542
301
743
451
280 82
653 478
472
122
118 957
862 603
142
322 182
183 129
945 157
914
258
841 817
832 586
165 982
782 195
268
657 697
656
365 115
753 545
648
383 484
745
313
905
10 665
741
712
401 824
863
997
39
889
279
349
45
795 543
329
536
560
227 173
898 108
720 783
468
264 577
355 635
949 269
828 670
490 198
79 492
852
885 359
431
277
436
326
855
90
934 137
711 384
709 155
211
362
35
933
410 579
755
8 686
166
768
769 169
641
565
96 770
732
790
374
867
43
955
845
546
78
971
276
64 327
887
689 175
597
448
844
877
978
966
83
644
708
508
127
144 552
493
948
633 262
535 218
312
589 290
827
0 512
303
296
604
186
220
319
767
736
954
