750
430
587 2
823
944
645
39
638
560
995 182
630 273
194
917
267
300
373 137
592
538
941 563
81
532
656
110
130 153
681 558
585 846
855
348
290 414
732
808 721
189
47 236
490 243
293
514
639
468
714 595
233
169 991
872 295
93 957
992
600 466
342
611
741
779
43
179
141
850
529 94
294
593
410 248
464 252
352
361
901 858
378
691
132
672
693
511 249
213
92
103
588
904 55
84 18
433
712
315
481 101
907
561
819
475 524
948
822
156 689
597
281
998
205
496 685
666 88
309
215 981
773 796
680
675 492
708
624 661
286
107
896
594
268
845
836
550
97 20
374
44 999
263 105
86 543
166
91 51
525 165
512 884
926
776
247
604
570
859
391
734
857 344
50
912 956
442
135
906
925
381
56
17
316
192
260
955
527 578
217
837 407
298
448
350 269
128 882
435
716 664
334
7
70
201
539
363 206
763 69
802
478 108
673 847
196
307 185
289 697
446
28
22
799
505
679
109
688
768
411
230
33
778
242 589
186
787
66 343
722
584
78
24
781 95
889
240
5
425
257 911
526
277
754
694
549
276
824 853
325
745
203
207 324
106
421
916 832
376 800
145
367
567
791
504
660 427
177
777
349
279
762 238
16
152 214
459 518
198 126
308
880
771
818 883
420
151 586
479
142
682
98
302
239
333
314
406
364
987
157 805
993 862
997
83
556
226 408
14
848
71 552
58 471
331 365
38
933
1
710 288
328
947 988
784
654
235
354
13
736
602
29
449 321
253 695
510 806
162 825
723
171 144
161 372
807
954
856 234
785
296
625 973
317
982 750
641
11
134 866
397
909 676
811
460
480
150 133
613
149
473
222
591
250 861
500
362
319
275
541
46 262
986
934 717
434 651
337 0
709 659
897 345
921
357
164
910 501
908
48
99 455
197
174
102 726
469 143
82 751
400
125
983
899
623
767
696 715
610
692
486
919 876
599 461
713
878
87
40 668
23
375 409
506
508
259 231
620 31
266 104
718
278
35
747
413 116
903 528
867
810 929
465 571
814 188
737 770
178
757
817 920
894 653
472
220
517 385
924
353 795
416
729
52 417
537 422
821
738
173 789
339 115
6 30
225
284
786
387
976
540
877
963
379
488
923
467
118 547
627
63
830
629
176
163 458
80 545
970
491
175 444
218 523
555
193
280 271
89
450
122
971
519
509
812
199 628
683 643
41
60
139
775
336 221
195 952
351
831
670 700
860
123 96
119 633
208
272
631 36
557
320
833 114
26 974
711 828
304 428
928 774
140
753 438
946 338
202
494 246
299
470 636
456
637 341
497
495 985
918 264
330 932
702
719
313
3
608 980
329
64 355
826
881 657
482 270
54 386
612 521
851
32 622
507
25
332
419 731
640
9
212
370
727
285 958
394 131
327 582
968 553
380
431
255
598 783
574
966
662 562
138 788
690
551
356
977 204
879 79
360
868 172
843
530
10 318
936
429
121
965 953
772
485
888
384 291
895
437 902
801 566
436
311
684 371
914
368 984
790
443 834
792
994
265
842
886
111
520
232
187
12 191
644
160 383
19
740 452
583 943
596
377
426 124
752 432
256 65
396
74
935
875
274
931
412
241
835 615
254
90
297 403
642
647
301
146 927
211
548 760
155 498
687
829
962
739
942
748
950
989
223 359
938
306 703
663
399 388
21
489
706
961 398
809
154
632 227
536
701 310
462
815
793 418
326
650
112
303
219
635 27
975
393
616
209
401 798
516
404
392 838
477
534 609
67 59
969
136
37 476
621
803
873 568
704
733
744 535
576
389
844
900
261
579 758
865
782 57
258
840 15
652
939
42
457
483
565
77
216
755
743
698 522
533
746
874
766
322 699
674 765
441
730
665 572
559
678
181
905
725
940 484
607 424
804
820
312
979 813
724
415 244
463
669
764
671
439
68 841
996 915
646
959
863
634 590
224 382
885 577
34
127
546
184
893
978
797 891
554
423
190 759
502
100
158 816
451
305
658
210
742
454 720
667
346
930 960
677
769 402
237 601
499
503 619
358
292
453
573 183
405 147
705 474
170
62
951
990 686
440
780
251
53 85
168 749
395 445
148
761
854
887
73
949 937
922
531
890
76 200
614
972
487 49
870
8 390
603 618
864
120
871 513
493
756
580 544
347
707
605
369
45
287
617 945
967 72
228
323
626
515
61 898
794 542
892 564
648
159
4
869
167
649
827
852
569
447 117
964
282
283
735 129
575
839
340
245
75
913
335 180
113
229
849
366 581
606
655
728
