750
711 384
460
475 501
398 67
855
97 443
457
68 659
354
992
551
332
959
179
777
767
211
311
672
606
860
378
609 452
351
298
483
1
409 464
301
907
28
50
662 498
421
145
349
247
942
212
599 977
523 59
819
64 327
305
874
738
944
486
756
772
654
602
30 482
723
931
424 394
363 104
642
605
441
908
307 696
797 503
180 223
6 868
645
334
570
906
438 968
96 770
898 108
456
559
343 330
465 84
356
347
238 427
288 825
809
215 146
95 385
935
505
316
287
536
563 392
233
5
937 304
885 359
830
650
627
353 116
403 138
593
43
731 259
197
537 338
828 670
918 876
308
193
954
994
154
862 603
396
283
692
531
791
823
229
341 920
812
410 579
206 909
733
299
608 350
48
884 600
245
506
446
527 495
917
422 253
78
526
340
344 673
453
272
921
844
103
718
728
509
242 930
834 988
933
489
987
81
352
565
467
49 419
712
902 415
493
755
590 683
923
134 866
585 150
181
7
203
622 974
324 651
655
522 883
892 69
228
393
864
66 598
227 173
235
702
766
706
757
722
764
886
888
768
335 32
46 582
477
158 915
679
284
656
199 873
647
389
861 943
804
616
367
83
160 857
133 973
553 36
318 941
375 47
216
314
529 496
721 699
434 237
983
636 128
94 12
934 137
832 586
312
784
690
664 518
42
319
497
780
882 248
967 88
186
268
202
567
666 494
719
491
109
196
499
561
372 86
208
799
423
720 783
588
878
428 345
34
141
638
325
652
140
125
401 824
291 911
278
640
14
183 129
975
822
480
502
610
747
136
849
618 981
847 571
436
185 256
293
851
373 476
644
787
962
840 511
732
25
364
251
724
541
790
560
75
420
225
634 856
62
210
387
323
779
336 388
241
19
102 244
35
978
380
500
865
538
100
470 999
479
406
814 897
447 151
914
147 221
92
919 595
261
508
357
880
774 695
564 965
130 547
53 759
905
472
848
744 806
297 838
682
39
858 521
786
209
170
63
904 580
33
859
546
213
949 269
27 257
0 512
850
159
597
737 894
778
820
648
677
550
716 31
715 236
708
969
681 382
3
649
663
142
277
439
802
831
574
167
265
925
41
232
916 612
127
166
292
281
18 386
775
26 37
358
383 484
113
639
276
205
490 198
961 40
607 321
404
255
924
913
188 270
381
258
507
488
369
760 789
671
678
172 124
454 61
442
371 929
604
360
583 726
161 698
955
952 752
469 901
118 957
803
217
776
771
471 837
178
412
425
867
461 52
549
346
91 572
870
45
429
818 763
435
326
117 660
400
342
280 82
267
362
972
853 58
20 808
120
754
143 703
614
459 432
532
839
946 337
887
761
997
710 487
184
826
274
881 940
795 543
377
122
879 250
77
900
705 625
302
739
408 474
516
153 204
960 289
329
626
379
951
194
271 376
621
589 290
746
687
87
260
162 510
240
773 449
370
54 932
430
320
264 577
845
970
174
792
534 630
956 273
328
231 751
171 285
989
339 928
254
801 458
348
729
440
877
176
540
922
246 156
119 528
990 101
317
615 414
996 542
966
714 891
745
979 517
431
798 562
950
468
279
927 872
810 749
554
841 817
190 163
734
788 781
152 407
17
569
249 717
309
70
899
395 295
426 214
239
869
519
646
112
623
22
533
90
835 601
132
796 99
224 871
322 182
735 793
713
833 105
769 169
633 262
676 912
391
753 545
331 226
481 620
433
448
131 995
875
998
594
11
689 175
139
631 953
890
694
661 643
303
903 306
72 573
300
782 195
910 587
286
21
282
727
201
13
581 263
60
827
416
93 2
23
405 126
455 252
333
709 155
38
748
24
658
637 617
641
445 15
836
592
444 685
765 399
313
829
296
111
411
971
310 984
939
73
200 413
110
187
889
315
544 632
222
741
390 800
368 366
668 76
144 552
243 985
65 750
418 846
106
895
515
963
539
165 982
926
762 991
29
473
964
584
624 805
947 813
192
707
149
4
535 218
691
530
945 157
16
557
815
811
704
71 168
896
8 686
669
402 619
680
189
98
700 80
653 478
893
575
525 993
294
135
121
365 115
230
556
667
596
843
548 758
980 578
576
852
611
191 674
591
450
986
513 466
485
56
785
234 701
854
361
9
275
85 524
555
842
57 437
693
629
504
736
79 492
657 697
794 684
520
816 628
374
807
730
164
10 665
566 55
613
568 266
177
725
740 123
463
451
821
89
417 958
675 44
948
743
976
688
514
219
207 51
74
742
397
148
558 114
107
355 635
938
462
863
936
220
