750
504
66 598
668 76
937 304
89
489
28
648
103
530
65 750
497
711 384
34
975
403 138
990 101
118 957
890
219
893
210
926
774 695
987
316
700 80
439
852
860
358
907
723
134 866
895
610
396
539
735 793
811
592
855
131 995
10 665
174
710 487
947 813
81
621
141
135
841 817
952 752
360
281
411
486
208
57 437
351
623
924
339 928
622 974
130 547
459 432
176
370
795 543
201
239
206 909
412
109
818 763
328
373 476
788 781
996 542
606
165 982
144 552
851
238 427
247
349
796 99
233
94 12
216
299
17
450
11
719
715 236
154
784
153 204
9
831
634 856
523 59
442
785
186
740 123
190 163
551
125
172 124
677
41
910 587
235
493
983
481 620
922
158 915
433
179
220
397
566 55
0 512
960 289
323
522 883
845
666 494
446
629
225
483
258
936
300
762 991
393
764
348
760 789
241
112
564 965
693
13
430
594
878
822
925
97 443
743
240
753 545
739
809
557
737 894
718
812
604
453
110
347
60
22
230
264 577
722
810 749
87
799
475 501
608 350
704
429
294
972
899
398 67
229
440
835 601
754
77
569
117 660
583 726
748
346
593
678
142
72 573
29
20 808
887
500
331 226
908
43
485
243 985
746
945 157
7
194
779
691
371 929
956 273
744 806
989
679
33
245
918 876
714 891
633 262
451
324 651
228
242 930
18 386
613
209
534 630
224 871
147 221
96 770
192
777
352
313
607 321
307 696
538
708
365 115
319
279
297 838
549
267
340
980 578
682
794 684
645
732
30 482
966
917
416
771
761
976
460
526
664 518
807
591
986
840 511
720 783
127
8 686
994
132
602
850
305
616
914
404
83
381
162 510
363 104
100
802
727
830
663
882 248
133 973
318 941
49 419
570
372 86
447 151
867
467
42
804
196
6 868
379
353 116
143 703
441
265
505
298
375 47
506
191 674
445 15
111
731 259
461 52
532
836
671
964
647
599 977
828 670
254
92
199 873
95 385
261
730
558 114
292
780
935
597
742
205
71 168
246 156
278
193
640
934 137
74
688
465 84
667
200 413
161 698
858 521
712
540
963
406
919 595
180 223
26 37
457
463
791
738
589 290
477
456
861 943
293
19
387
842
803
734
946 337
741
869
121
921
672
455 252
615 414
56
423
479
362
183 129
881 940
402 619
747
107
970
5
139
54 932
555
886
550
903 306
681 382
757
187
75
624 805
276
499
529 496
509
548 758
325
332
614
249 717
171 285
642
902 415
514
997
775
826
70
637 617
575
888
745
933
979 517
546
728
212
942
561
356
948
159
631 953
755
277
848
167
401 824
317
410 579
471 837
687
91 572
765 399
819
844
102 244
468
335 32
896
563 392
998
473
255
380
649
709 155
823
113
431
98
533
177
689 175
312
268
955
820
334
847 571
491
834 988
178
849
336 388
14
166
53 759
390 800
361
792
296
426 214
636 128
669
644
767
24
790
148
724
140
343 330
45
448
815
444 685
690
778
202
309
122
355 635
680
609 452
862 603
906
618 981
408 474
203
301
864
357
938
207 51
536
801 458
646
434 237
768
554
470 999
662 498
480
652
16
854
927 872
288 825
971
776
63
992
378
106
627
391
879 250
967 88
368 366
428 345
773 449
772
120
939
596
286
344 673
508
713
374
859
383 484
395 295
913
565
303
560
839
535 218
284
884 600
654
197
959
85 524
405 126
874
904 580
341 920
756
962
342
954
68 659
472
215 146
892 69
531
1
275
786
181
25
188 270
4
64 327
170
877
152 407
231 751
585 150
961 40
900
389
725
865
905
93 2
537 338
880
136
145
567
490 198
705 625
185 256
588
435
3
769 169
46 582
271 376
282
657 697
821
311
425
527 495
27 257
377
280 82
676 912
50
35
417 958
287
827
119 528
211
733
227 173
364
217
581 263
721 699
559
541
90
950
576
438 968
605
931
656
314
333
916 612
898 108
833 105
507
853 58
160 857
418 846
641
969
661 643
421
310 984
62
222
322 182
951
885 359
488
213
409 464
149
694
502
308
519
315
843
283
736
260
422 253
787
658
184
516
436
513 466
829
274
234 701
189
39
638
369
79 492
944
553 36
889
706
870
400
164
78
798 562
639
611
707
367
590 683
38
949 269
469 901
48
797 503
814 897
863
424 394
525 993
692
923
702
584
232
782 195
655
326
73
816 628
650
272
556
978
329
21
716 31
462
653 478
875
520
729
626
420
302
454 61
766
515
832 586
544 632
675 44
291 911
568 266
251
320
354
574
23
