750
123 96
307 185
808 721
696 715
983
823
194
515
560
928 774
713
728
24
457
794 542
947 988
169 991
790
110
218 523
678
993 862
92
616
877
527 578
959
962
416
612 521
120
624 661
782 57
331 365
635 27
177
277
368 984
261
328
768
977 204
565
287
856 234
335 180
835 615
100
442
211
240
103
99 455
753 438
679
197
298
508
297 403
429
724
859
232
666 88
375 409
53 85
934 717
320
250 861
803
168 749
258
170
791
880
358
873 568
330 932
78
68 841
118 547
926
219
473
166
302
739
817 920
520
405 147
86 543
992
431
470 636
941 563
90
237 601
285 958
196
205
453
850
394 131
294
263 105
391
998
637 341
367
155 498
46 262
91 51
709 659
220
654
235
914
228
293
426 124
64 355
313
536
903 528
597
469 143
734
257 911
810 929
924
642
895
641
451
875
242 589
819
280 271
475 524
867
489
638
802
855
316
443 834
370
107
347
969
950
410 248
150 133
916 832
655
41
507
585 846
598 783
629
716 664
210
357
533
493
778
951
772
702
161 372
894 653
225
594
761
202
311
6 30
904 55
396
662 562
755
279
179
268
649
337 0
807
360
896
84 18
737 770
747
506
82 751
569
134 866
189
889
499
186
639
570
971
933
727
899
381
907
514
17
509
764
888
190 759
156 689
740 452
308
603 618
949 937
843
711 828
554
617 945
317
21
885 577
673 847
342
490 243
707
931
184
844
10 318
979 813
893
887
39
121
865
148
353 795
93 957
415 244
672
722
192
860
439
138 788
505
550
644
818 883
326
965 953
918 264
379
494 246
537 422
175 444
546
423
139
940 484
98
309
604
525 165
910 501
698 522
906
40 668
478 108
481 101
62
849
879 79
306 703
742
757
336 221
419 731
967 72
500
504
76 200
217
7
152 214
827
463
645
921
25
47 236
804
251
986
881 657
216
158 816
968 553
230
705 474
792
300
869
315
377
557
799
785
848
942
132
16
970
332
464 252
935
671
404
809
89
897 345
845
163 458
583 943
437 902
994
871 513
775
704
447 117
972
677
440
111
714 595
346
786
987
322 699
384 291
19
392 838
171 144
982 750
71 552
767
773 796
406
436
292
944
614
146 927
576
496 685
266 104
274
602
627
561
793 418
886
387
325
706
771
733
253 695
556
975
863
28
26 974
744 535
763 69
145
878
1
87
682
530
141
687
781 95
938
465 571
58 471
157 805
265
502
472
361
719
842
468
729
909 676
8 390
195 952
730
267
125
13
215 981
990 686
864
460
63
621
917
327 582
854
397
435
580 544
305
526
201
480
964
66 343
712
663
652
9
588
482 270
996 915
667
212
22
495 985
946 338
646
483
209
539
283
961 398
245
908
541
450
851
852
254
174
647
674 765
829
122
462
213
905
448
109
874
623
593
830
102 726
208
193
176
222
354
441
430
113
872 295
754
532
567
787
247
648
575
736
23
83
142
319
658
77
625 973
503 619
631 36
692
112
725
164
925
352
681 558
351
752 432
304 428
301
780
912 956
43
433
259 231
224 382
948
613
434 651
669
870
824 853
599 461
814 188
551
491
140
997
233
272
531
811
857 344
223 359
136
167
529 94
868 172
395 445
29
762 238
776
329
691
900
34
12 191
33
411
680
44 999
48
701 310
995 182
620 31
745
80 545
356
683 643
362
710 288
32 622
831
559
690
519
497
284
282
67 59
135
632 227
966
777
60
976
241
393
130 153
173 789
413 116
323
660 427
11
743
954
784
797 891
584
487 49
97 20
922
826
936
229
278
769 402
477
579 758
610
688
486
630 273
596
446
748
52 417
374
334
421
373 137
634 590
333
339 115
779
892 564
187
401 798
349
151 586
399 388
369
839
732
640
488
592
4
833 114
299
467
540
119 633
836
840 15
608 980
989
226 408
5
573 183
693
587 2
820
380
890
128 882
181
149
35
160 383
670 700
607 424
511 249
694
348
534 609
555
746
61 898
127
162 825
919 876
81
350 269
955
296
650
75
198 126
708
275
459 518
255
600 466
656
815
510 806
901 858
14
454 720
766
923
37 476
517 385
821
548 760
378
420
930 960
203
606
286
281
735 129
684 371
199 628
412
3
939
479
516
822
611
400
756
260
340
376 800
449 321
738
549
723
512 884
363 206
70
456
389
38
154
56
207 324
73
538
741
837 407
718
591
178
425
54 386
366 581
978
276
485
239
801 566
312
605
364
812
314
256 65
574
675 492
626
159
913
50
42
106
45
290 414
963
303
74
289 697
665 572
