750
708
426 214
956 273
848
666 494
16
316
45
992
261
201
377
268
83
711 384
379
976
331 226
655
109
854
106
913
589 290
118 957
535 218
23
172 124
38
87
336 388
661 643
340
914
147 221
887
200 413
333
344 673
540
411
998
567
136
107
539
378
948
900
396
507
460
312
533
397
949 269
839
410 579
369
835 601
502
614
298
772
167
357
485
279
654
590 683
438 968
96 770
287
35
303
936
568 266
777
933
860
54 932
26 37
541
271 376
239
291 911
553 36
75
918 876
469 901
43
971
89
71 168
755
192
94 12
219
65 750
820
450
594
629
433
608 350
706
560
779
328
27 257
508
211
362
405 126
833 105
728
937 304
865
139
960 289
523 59
491
637 617
122
103
921
669
191 674
230
821
574
98
934 137
648
737 894
320
616
368 366
470 999
828 670
220
975
467
950
916 612
134 866
305
428 345
185 256
196
902 415
947 813
907
641
811
423
372 86
952 752
966
773 449
935
314
526
576
153 204
688
367
133 973
24
818 763
631 953
20 808
765 399
563 392
152 407
310 984
63
455 252
520
371 929
77
111
840 511
307 696
140
60
924
877
881 940
489
797 503
319
715 236
761
693
225
28
767
420
815
983
537 338
326
233
251
339 928
62
534 630
143 703
490 198
827
445 15
352
463
315
209
210
895
159
418 846
243 985
836
569
776
592
606
187
801 458
849
730
10 665
622 974
959
406
202
154
722
453
7
130 547
707
657 697
790
358
164
53 759
536
402 619
91 572
896
816 628
13
613
258
847 571
264 577
227 173
588
690
880
100
727
741
381
17
645
430
370
691
922
323
393
724
334
927 872
747
299
121
166
826
716 31
286
888
852
515
72 573
404
764
479
278
904 580
224 871
457
740 123
186
778
465 84
704
504
638
558 114
217
288 825
694
874
644
441
322 182
525 993
882 248
803
725
530
830
249 717
365 115
412
272
861 943
174
893
864
602
475 501
823
766
649
318 941
171 285
497
424 394
439
184
199 873
461 52
22
843
862 603
705 625
692
477
561
400
732
611
297 838
624 805
5
807
229
972
0 512
702
636 128
762 991
95 385
132
714 891
898 108
841 817
232
735 793
640
647
431
945 157
979 517
775
313
222
401 824
281
148
275
125
56
538
459 432
652
672
851
324 651
135
176
389
325
85 524
193
274
646
235
444 685
46 582
583 726
197
892 69
9
21
875
678
564 965
910 587
408 474
986
178
799
403 138
165 982
794 684
593
332
675 44
451
238 427
712
780
4
565
653 478
795 543
555
383 484
509
505
743
131 995
663
792
356
736
689 175
462
925
955
364
189
626
742
282
447 151
434 237
785
301
284
240
850
170
642
110
398 67
681 382
607 321
293
347
609 452
546
119 528
879 250
64 327
436
300
113
49 419
421
203
853 58
745
596
942
869
676 912
748
944
804
90
231 751
822
903 306
311
208
216
488
373 476
360
718
387
234 701
734
885 359
989
832 586
442
117 660
723
276
527 495
819
380
19
633 262
343 330
317
483
73
409 464
309
70
499
720 783
93 2
241
207 51
260
931
591
757
532
120
390 800
855
349
8 686
179
448
733
658
283
78
782 195
302
798 562
831
739
788 781
265
954
809
42
760 789
870
516
422 253
480
544 632
145
964
810 749
551
351
842
162 510
829
731 259
621
566 55
599 977
687
627
768
391
771
112
213
899
994
529 496
500
329
97 443
144 552
25
923
11
996 542
81
361
247
863
33
946 337
39
884 600
435
267
519
878
967 88
575
212
473
506
557
905
756
481 620
205
786
363 104
3
34
559
30 482
493
710 487
664 518
440
127
190 163
41
50
604
656
584
812
634 856
160 857
978
939
548 758
962
102 244
292
834 988
844
308
294
682
639
890
181
429
29
597
48
859
180 223
417 958
774 695
468
6 868
57 437
889
246 156
867
177
188 270
615 414
18 386
471 837
667
719
769 169
79 492
74
342
746
886
68 659
938
254
791
845
215 146
346
671
650
425
228
341 920
906
908
446
141
729
679
1
550
348
554
375 47
713
335 32
395 295
618 981
919 595
700 80
668 76
531
206 909
926
680
738
280 82
416
454 61
354
980 578
744 806
522 883
556
970
917
814 897
990 101
353 116
581 263
610
142
796 99
963
754
161 698
158 915
513 466
721 699
787
951
623
961 40
858 521
570
296
585 150
709 155
456
514
677
472
255
245
183 129
802
92
194
374
242 930
14
66 598
987
605
149
784
355 635
753 545
277
486
969
662 498
997
549
