750
681 558
351
938
753 438
81
210
848
233
306 703
514
599 461
366 581
284
73
384 291
992
160 383
663
814 188
742
208
598 783
97 20
404
159
804
820
106
140
665 572
29
296
148
416
667
331 365
519
475 524
917
716 664
189
591
98
440
82 751
161 372
453
998
314
733
635 27
990 686
587 2
863
213
844
436
928 774
240
33
792
690
323
421
391
16
910 501
103
987
60
683 643
965 953
197
939
704
597
158 816
787
146 927
835 615
870
623
211
777
864
237 601
897 345
949 937
154
449 321
347
66 343
510 806
565
978
646
540
874
909 676
294
625 973
370
278
493
250 861
378
317
37 476
604
392 838
473
554
87
209
482 270
75
608 980
878
431
186
548 760
14
829
241
354
868 172
930 960
8 390
393
996 915
282
121
801 566
92
149
556
276
150 133
119 633
763 69
983
44 999
576
889
640
433
811
293
719
850
570
918 264
968 553
255
670 700
313
157 805
971
786
527 578
198 126
332
534 609
509
906
642
941 563
464 252
175 444
538
89
508
781 95
931
594
145
495 985
346
871 513
740 452
479
11
946 338
675 492
118 547
672
192
580 544
283
61 898
280 271
694
976
785
724
790
50
71 552
397
529 94
802
732
701 310
989
411
817 920
947 988
285 958
561
279
831
718
437 902
756
865
457
469 143
123 96
415 244
630 273
64 355
90
315
827
266 104
710 288
316
893
711 828
207 324
470 636
745
229
379
993 862
174
467
575
447 117
387
76 200
713
515
923
782 57
396
637 341
549
975
693
54 386
940 484
520
743
934 717
855
921
413 116
451
42
886
26 974
93 957
259 231
128 882
815
706
754
652
658
420
603 618
219
961 398
696 715
43
617 945
767
725
922
610
373 137
24
23
752 432
592
405 147
230
702
869
215 981
91 51
352
963
348
394 131
254
45
109
496 685
302
13
833 114
56
890
212
857 344
614
967 72
483
163 458
38
875
298
830
966
744 535
503 619
729
489
245
766
688
330 932
899
281
67 59
959
228
823
52 417
277
267
326
434 651
567
739
224 382
944
764
19
904 55
905
736
645
654
494 246
793 418
110
629
839
381
187
395 445
217
727
506
327 582
632 227
465 571
360
995 182
794 542
86 543
193
292
456
6 30
164
569
196
369
260
768
170
430
824 853
256 65
779
541
454 720
225
912 956
986
472
504
887
242 589
769 402
374
184
634 590
836
235
579 758
536
679
142
808 721
539
322 699
908
377
596
842
840 15
171 144
232
505
803
448
687
439
251
557
849
400
120
903 528
919 876
78
155 498
809
954
199 628
122
168 749
336 221
822
442
100
626
772
77
677
621
319
728
600 466
304 428
583 943
299
74
942
810 929
735 129
738
490 243
821
329
39
216
723
692
584
190 759
312
757
113
162 825
605
223 359
507
964
925
900
253 695
620 31
179
41
58 471
477
892 564
247
977 204
613
491
429
678
425
48
526
111
950
741
859
982 750
649
775
880
624 661
460
748
202
936
463
446
12 191
691
136
462
68 841
289 697
478 108
799
924
335 180
287
17
350 269
935
762 238
46 262
177
712
607 424
860
40 668
638
761
516
684 371
353 795
773 796
274
340
746
412
537 422
138 788
28
401 798
818 883
134 866
258
797 891
367
450
309
9
5
435
333
151 586
441
220
311
588
290 414
334
784
364
602
10 318
300
673 847
487 49
708
885 577
913
261
933
308
130 153
35
468
837 407
499
328
888
873 568
894 653
363 206
606
650
339 115
349
32 622
239
389
755
132
342
459 518
705 474
639
426 124
181
916 832
53 85
901 858
203
948
362
275
70
573 183
167
21
780
127
611
80 545
791
406
714 595
500
737 770
135
669
856 234
419 731
297 403
531
47 236
851
627
812
511 249
263 105
530
156 689
641
970
533
320
166
358
819
682
337 0
173 789
399 388
22
502
226 408
550
141
380
139
656
195 952
994
481 101
951
644
709 659
265
486
771
112
845
546
99 455
301
655
176
303
357
907
497
778
375 409
268
485
410 248
997
662 562
205
585 846
3
926
272
555
361
666 88
102 726
532
660 427
647
286
616
325
747
648
807
7
879 79
307 185
722
843
734
593
826
305
62
895
560
612 521
443 834
152 214
83
979 813
867
631 36
852
525 165
512 884
25
969
574
63
169 991
698 522
368 984
877
972
480
674 765
376 800
257 911
914
962
201
680
194
776
707
854
517 385
671
107
34
423
559
872 295
4
125
222
881 657
730
356
84 18
896
178
1
955
218 523
488
551
