750
479
83
442
815
293
183 129
544 632
945 157
400
352
621
243 985
847 571
113
753 545
892 69
403 138
16
849
346
736
634 856
404
60
481 620
367
401 824
774 695
860
715 236
840 511
355 635
764
231 751
208
566 55
225
310 984
475 501
171 285
167
652
622 974
832 586
334
782 195
111
499
127
97 443
448
185 256
527 495
700 80
336 388
967 88
733
93 2
933
615 414
149
574
756
668 76
110
254
878
963
436
153 204
725
294
276
354
663
919 595
4
976
980 578
938
506
649
560
24
441
529 496
240
762 991
368 366
39
465 84
629
882 248
450
519
731 259
992
249 717
597
541
435
239
49 419
691
433
172 124
9
809
996 542
189
538
460
648
174
557
480
593
459 432
445 15
925
486
265
317
20 808
372 86
33
539
550
158 915
251
64 327
461 52
525 993
393
274
30 482
488
71 168
184
667
313
134 866
89
885 359
766
760 789
830
826
439
28
570
922
737 894
210
197
35
610
655
722
325
903 306
811
228
490 198
693
681 382
616
102 244
3
103
379
768
353 116
536
822
796 99
323
258
794 684
380
303
861 943
444 685
900
537 338
374
874
569
728
342
671
434 237
446
147 221
430
679
118 957
409 464
164
526
13
73
797 503
277
776
467
234 701
913
523 59
98
978
85 524
899
779
530
802
211
144 552
396
723
201
784
935
457
275
931
639
196
714 891
998
199 873
220
535 218
807
642
408 474
26 37
48
960 289
206 909
267
132
970
422 253
730
952 752
300
604
177
680
397
398 67
296
895
215 146
179
748
859
440
548 758
605
364
421
339 928
908
377
188 270
588
904 580
743
867
534 630
19
735 793
91 572
738
222
117 660
551
923
792
757
788 781
946 337
584
417 958
704
804
288 825
278
951
905
565
787
887
320
402 619
328
907
745
497
389
636 128
10 665
675 44
23
375 47
828 670
324 651
423
926
662 498
322 182
365 115
884 600
972
568 266
614
192
381
645
554
858 521
564 965
312
299
50
120
829
910 587
761
216
202
666 494
292
706
854
870
7
190 163
888
246 156
347
456
810 749
70
654
180 223
609 452
755
38
886
341 920
966
682
106
217
247
927 872
331 226
92
349
200 413
264 577
775
877
767
271 376
515
298
795 543
975
363 104
431
944
287
853 58
602
955
45
74
790
833 105
485
507
618 981
373 476
591
879 250
119 528
777
340
633 262
836
471 837
424 394
740 123
916 612
690
391
520
831
29
902 415
429
607 321
17
370
971
405 126
624 805
291 911
739
308
463
741
416
918 876
229
732
165 982
549
626
765 399
540
205
650
279
491
145
734
827
742
66 598
575
505
724
596
232
959
646
62
390 800
676 912
644
865
14
785
561
558 114
72 573
710 487
469 901
546
896
746
329
786
75
140
94 12
455 252
260
606
326
286
297 838
835 601
160 857
383 484
68 659
301
623
949 269
203
594
841 817
57 437
319
677
90
159
468
318 941
109
875
178
798 562
100
516
590 683
21
989
567
502
8 686
369
207 51
589 290
720 783
997
661 643
669
282
53 759
241
563 392
255
613
869
411
983
95 385
712
956 273
43
778
472
906
473
428 345
56
744 806
844
799
170
611
687
821
994
979 517
54 932
378
22
453
608 350
141
936
917
451
227 173
950
729
531
447 151
638
769 169
96 770
780
513 466
122
143 703
283
412
694
555
125
553 36
514
852
747
420
305
46 582
889
213
924
186
533
371 929
509
5
716 31
842
238 427
718
791
532
708
942
504
314
280 82
245
653 478
18 386
961 40
820
426 214
63
863
302
656
559
851
187
230
721 699
823
819
707
133 973
801 458
112
219
862 603
834 988
348
121
235
406
839
27 257
713
356
709 155
581 263
1
719
361
315
641
135
11
937 304
647
939
692
934 137
969
332
25
599 977
81
107
194
500
387
864
87
658
954
0 512
921
477
845
152 407
711 384
771
664 518
395 295
79 492
309
212
281
702
990 101
489
583 726
585 150
284
360
162 510
814 897
462
948
962
483
812
816 628
142
41
193
637 617
850
344 673
166
848
176
964
987
893
261
657 697
425
6 868
855
362
307 696
880
272
418 846
705 625
522 883
77
881 940
576
224 871
268
333
209
233
773 449
148
843
130 547
672
688
131 995
803
351
493
689 175
343 330
772
947 813
986
754
191 674
335 32
627
640
410 579
358
154
914
438 968
136
65 750
508
42
470 999
592
34
818 763
357
139
181
311
727
242 930
678
454 61
898 108
78
316
631 953
890
556
161 698
