750
83
735 129
885 577
896
769 402
434 651
688
323
996 915
631 36
526
821
727
74
870
123 96
548 760
567
194
637 341
773 796
694
588
178
693
579 758
150 133
389
154
486
893
995 182
6 30
125
830
213
954
712
671
423
840 15
170
709 659
24
164
827
478 108
405 147
979 813
698 522
297 403
229
128 882
804
499
111
177
121
255
817 920
485
86 543
716 664
431
580 544
729
546
674 765
852
889
276
944
210
443 834
890
732
220
781 95
743
790
266 104
531
8 390
728
157 805
554
277
387
935
470 636
303
394 131
333
992
230
46 262
23
222
223 359
67 59
892 564
286
33
725
810 929
936
413 116
41
669
662 562
570
824 853
477
549
494 246
113
327 582
118 547
463
530
439
947 988
906
520
746
904 55
313
120
797 891
325
946 338
391
168 749
975
285 958
677
312
986
215 981
451
326
502
998
854
864
982 750
16
140
645
964
888
592
939
235
167
289 697
748
878
406
707
873 568
561
203
559
506
736
565
258
610
112
776
886
650
199 628
401 798
17
556
174
962
426 124
70
130 153
977 204
457
940 484
254
701 310
21
392 838
232
245
396
216
13
722
529 94
189
425
456
730
465 571
647
744 535
410 248
306 703
473
679
666 88
225
771
226 408
467
955
32 622
495 985
670 700
681 558
782 57
480
602
517 385
91 51
89
879 79
635 27
994
28
970
711 828
603 618
208
169 991
942
510 806
880
912 956
247
961 398
658
909 676
58 471
507
764
134 866
918 264
373 137
87
792
479
342
583 943
205
335 180
868 172
366 581
780
874
103
680
850
437 902
346
37 476
608 980
379
604
839
184
240
261
684 371
803
469 143
938
493
156 689
505
900
292
50
93 957
362
504
22
39
330 932
638
859
620 31
922
468
978
989
421
447 117
253 695
190 759
843
99 455
849
587 2
92
404
430
272
923
149
328
835 615
738
453
599 461
146 927
869
672
73
665 572
575
642
905
916 832
293
656
399 388
691
436
755
119 633
370
675 492
356
687
302
593
377
224 382
217
71 552
533
198 126
787
966
48
820
161 372
745
594
829
860
176
38
851
706
950
527 578
358
753 438
842
395 445
767
489
877
597
152 214
514
705 474
263 105
606
173 789
159
281
634 590
256 65
163 458
737 770
967 72
600 466
4
509
734
380
723
557
613
627
201
503 619
242 589
555
472
908
78
315
641
82 751
791
278
107
265
63
584
354
959
818 883
307 185
309
875
400
626
779
949 937
682
799
596
100
257 911
179
348
598 783
907
337 0
296
353 795
367
25
855
903 528
162 825
181
347
332
857 344
239
837 407
910 501
747
378
987
440
713
690
534 609
393
844
704
375 409
195 952
351
267
490 243
464 252
536
412
702
867
211
491
76 200
913
34
511 249
733
287
630 273
742
109
802
207 324
135
655
228
81
809
192
10 318
856 234
897 345
708
784
26 974
274
459 518
560
75
148
448
863
611
61 898
808 721
739
766
537 422
136
308
881 657
983
329
259 231
692
11
585 846
925
639
40 668
212
47 236
376 800
42
340
512 884
336 221
9
196
106
419 731
640
551
350 269
914
14
924
540
648
926
833 114
757
233
901 858
260
368 984
110
793 418
741
155 498
823
429
369
525 165
475 524
775
284
807
794 542
831
175 444
80 545
218 523
515
442
290 414
941 563
197
45
314
625 973
614
7
963
538
319
268
397
132
282
416
931
573 183
364
420
66 343
934 717
138 788
754
872 295
483
532
68 841
19
539
482 270
12 191
202
299
56
381
917
433
1
209
151 586
304 428
450
990 686
496 685
29
965 953
785
612 521
762 238
334
617 945
921
97 20
993 862
142
663
930 960
714 595
77
62
43
349
894 653
241
283
740 452
550
814 188
98
683 643
275
778
623
316
193
415 244
139
815
948
251
52 417
819
488
969
772
360
84 18
5
822
449 321
786
145
569
811
320
951
621
374
35
435
678
605
280 271
352
768
696 715
508
102 726
441
294
446
127
756
519
298
971
649
812
673 847
516
845
763 69
311
361
363 206
865
761
574
607 424
871 513
44 999
454 720
752 432
384 291
411
171 144
305
53 85
301
632 227
629
848
644
322 699
186
54 386
90
719
887
933
624 661
919 876
462
331 365
801 566
317
487 49
652
667
497
826
576
928 774
724
500
836
646
160 383
187
777
997
122
357
481 101
660 427
616
250 861
972
158 816
3
166
710 288
339 115
968 553
60
300
141
237 601
895
976
460
64 355
541
654
591
219
899
279
718
