750
989
523 59
963
581 263
180 223
456
7
780
786
828 670
286
712
916 612
629
41
641
613
446
314
499
782 195
158 915
550
431
998
667
203
179
842
504
551
564 965
119 528
718
430
815
952 752
693
668 76
880
624 805
43
299
374
447 151
627
342
753 545
380
272
465 84
773 449
49 419
888
418 846
470 999
46 582
305
855
962
27 257
967 88
135
493
799
849
477
788 781
767
185 256
423
765 399
297 838
241
615 414
132
96 770
4
662 498
737 894
969
370
826
794 684
917
268
405 126
971
839
118 957
836
191 674
682
222
183 129
284
196
996 542
355 635
209
308
318 941
774 695
904 580
302
802
956 273
409 464
232
792
441
688
387
741
439
486
281
516
548 758
680
205
653 478
62
862 603
288 825
633 262
565
966
637 617
34
324 651
435
48
192
26 37
187
939
60
734
727
23
483
679
373 476
532
700 80
986
112
640
731 259
274
461 52
398 67
889
239
933
81
379
395 295
234 701
531
722
798 562
276
344 673
606
316
310 984
420
200 413
0 512
33
954
570
725
589 290
832 586
339 928
411
818 763
626
416
261
666 494
3
278
859
835 601
72 573
148
255
621
79 492
11
271 376
945 157
790
309
215 146
884 600
710 487
708
19
353 116
283
329
853 58
522 883
165 982
473
319
919 595
860
748
649
93 2
202
609 452
942
472
258
556
323
197
42
164
426 214
457
186
638
65 750
24
404
140
177
691
762 991
720 783
391
326
210
91 572
994
761
471 837
709 155
378
747
654
347
371 929
656
809
896
934 137
368 366
661 643
757
333
508
189
369
247
481 620
246 156
216
950
618 981
143 703
513 466
959
63
166
534 630
870
927 872
298
588
739
597
949 269
400
648
279
78
814 897
992
590 683
852
561
902 415
764
544 632
892 69
983
779
816 628
975
317
113
978
980 578
867
716 31
834 988
664 518
292
509
529 496
103
357
390 800
334
22
755
294
948
525 993
242 930
707
5
650
732
555
489
30 482
742
878
467
313
73
360
362
766
485
769 169
655
396
377
713
913
843
921
882 248
235
736
145
367
56
340
444 685
434 237
463
714 891
500
459 432
898 108
149
358
130 547
364
844
301
193
462
429
176
936
77
249 717
74
715 236
488
490 198
230
98
549
574
964
557
307 696
92
563 392
393
245
18 386
728
539
795 543
823
142
895
822
858 521
315
454 61
745
211
71 168
847 571
869
106
365 115
642
536
356
438 968
893
944
445 15
833 105
178
910 587
914
491
460
133 973
614
217
162 510
134 866
89
608 350
955
908
322 182
723
951
190 163
634 856
947 813
28
970
213
887
694
497
341 920
97 443
918 876
425
675 44
819
331 226
50
594
147 221
433
87
796 99
861 943
730
829
287
1
240
9
961 40
854
585 150
402 619
702
397
514
526
66 598
303
938
538
807
560
336 388
591
421
111
131 995
428 345
199 873
45
724
401 824
711 384
144 552
592
863
881 940
611
937 304
746
907
208
141
95 385
990 101
451
520
100
20 808
39
644
436
960 289
785
735 793
935
188 270
10 665
647
851
14
663
704
687
604
219
568 266
756
207 51
946 337
383 484
546
280 82
584
886
811
623
35
412
291 911
332
328
972
639
776
275
864
172 124
652
610
976
312
85 524
905
554
170
812
678
406
841 817
351
840 511
293
17
778
251
690
784
906
349
227 173
865
260
265
282
161 698
754
923
879 250
677
744 806
450
152 407
777
238 427
110
558 114
90
645
422 253
596
354
57 437
566 55
559
605
506
827
681 382
225
408 474
527 495
8 686
925
229
29
348
885 359
153 204
791
721 699
159
171 285
599 977
768
801 458
267
540
845
616
455 252
706
94 12
515
850
877
804
622 974
233
174
38
874
636 128
602
320
810 749
771
831
631 953
502
228
224 871
154
167
738
760 789
900
296
127
139
479
743
53 759
102 244
705 625
772
120
403 138
201
206 909
480
117 660
212
453
352
583 726
505
740 123
107
346
821
343 330
658
803
922
775
25
442
440
676 912
410 579
567
264 577
121
389
671
733
997
787
136
125
300
160 857
926
797 503
311
468
830
890
381
109
70
424 394
448
657 697
417 958
231 751
6 868
375 47
875
575
593
672
475 501
181
924
576
541
361
335 32
569
979 517
537 338
325
535 218
848
519
646
553 36
987
184
903 306
254
122
54 932
363 104
243 985
507
68 659
21
469 901
372 86
669
899
13
16
277
689 175
194
75
729
220
83
820
607 321
64 327
719
931
692
533
530
