750
134 866
887
11
644
75
451
762 991
715 236
874
7
530
390 800
331 226
832 586
631 953
700 80
442
865
34
79 492
144 552
727
132
713
201
792
422 253
907
284
555
506
550
970
456
549
680
280 82
934 137
177
979 517
616
215 146
361
532
426 214
877
292
497
142
918 876
109
889
389
798 562
519
729
42
445 15
22
554
739
249 717
716 31
462
369
786
98
235
711 384
78
946 337
339 928
657 697
967 88
623
10 665
905
748
372 86
410 579
455 252
433
298
265
730
191 674
20 808
740 123
823
834 988
779
348
103
475 501
184
607 321
647
605
892 69
702
585 150
72 573
202
282
477
575
972
340
594
672
849
274
353 116
473
92
948
840 511
110
992
24
954
796 99
743
537 338
38
193
81
319
423
754
833 105
136
924
990 101
199 873
914
430
147 221
962
523 59
821
950
391
23
599 977
820
705 625
335 32
541
310 984
189
125
411
895
888
500
583 726
738
106
436
4
921
141
63
232
73
368 366
349
539
118 957
316
296
904 580
275
488
721 699
661 643
558 114
325
858 521
819
409 464
682
855
935
227 173
355 635
878
158 915
639
525 993
311
936
504
584
859
247
85 524
446
429
714 891
514
322 182
17
46 582
242 930
653 478
418 846
190 163
952 752
467
71 168
326
836
213
811
334
271 376
8 686
166
87
720 783
844
258
634 856
107
536
937 304
465 84
403 138
278
533
461 52
379
133 973
303
65 750
1
773 449
809
903 306
435
728
491
440
301
95 385
898 108
669
767
757
463
588
557
862 603
186
196
507
60
165 982
596
722
694
797 503
576
553 36
264 577
848
209
589 290
300
320
387
624 805
267
159
499
633 262
131 995
687
371 929
658
363 104
57 437
546
344 673
251
885 359
927 872
597
41
239
784
421
719
362
890
574
896
980 578
637 617
608 350
745
590 683
211
870
987
161 698
723
19
358
690
679
268
261
49 419
527 495
206 909
471 837
735 793
602
900
782 195
956 273
96 770
207 51
342
570
160 857
431
664 518
853 58
780
148
863
94 12
867
938
381
277
283
508
254
333
692
48
351
880
183 129
803
194
931
815
678
312
130 547
565
294
606
677
621
457
668 76
732
945 157
522 883
469 901
383 484
347
534 630
667
652
566 55
860
233
734
925
997
185 256
113
93 2
822
470 999
949 269
886
799
828 670
515
365 115
393
656
483
441
54 932
448
16
332
753 545
33
706
944
591
243 985
364
121
689 175
228
816 628
401 824
50
240
746
197
149
229
531
217
794 684
910 587
851
489
139
328
951
827
224 871
66 598
994
192
642
592
329
933
167
939
135
210
231 751
556
397
336 388
89
288 825
459 432
615 414
861 943
377
785
341 920
380
127
178
120
100
964
777
645
640
154
676 912
417 958
850
807
367
826
830
447 151
551
323
241
963
969
396
563 392
884 600
976
420
287
842
307 696
200 413
742
707
43
520
710 487
688
776
916 612
0 512
526
406
709 155
35
955
152 407
731 259
538
29
655
225
428 345
438 968
219
493
864
405 126
790
18 386
917
843
346
567
544 632
162 510
302
983
216
622 974
279
638
996 542
378
172 124
77
516
568 266
90
111
53 759
230
766
425
704
91 572
309
772
989
814 897
618 981
902 415
56
404
64 327
370
610
119 528
286
614
627
604
5
801 458
293
299
540
434 237
315
143 703
959
769 169
308
648
869
305
472
439
208
122
662 498
205
636 128
893
480
975
468
171 285
791
255
747
39
424 394
408 474
560
360
724
400
712
666 494
176
913
831
611
453
354
97 443
879 250
829
845
919 595
708
509
505
778
373 476
45
395 295
671
771
882 248
238 427
725
145
839
923
646
609 452
187
774 695
875
444 685
291 911
324 651
847 571
352
908
535 218
961 40
926
28
899
741
812
188 270
810 749
246 156
854
744 806
297 838
675 44
649
960 289
569
21
179
112
26 37
343 330
737 894
83
613
760 789
922
852
479
62
481 620
25
70
626
222
260
564 965
559
998
947 813
650
513 466
795 543
102 244
153 204
768
203
663
593
356
486
164
736
485
561
733
14
502
272
966
174
450
27 257
140
317
281
986
906
629
691
313
180 223
460
416
881 940
30 482
775
654
718
942
765 399
978
6 868
412
787
490 198
641
68 659
761
693
835 601
398 67
117 660
402 619
529 496
788 781
374
681 382
245
234 701
276
454 61
181
804
74
548 758
841 817
764
755
318 941
220
9
314
13
212
818 763
170
375 47
802
971
756
3
357
581 263
