750
818 883
10 318
831
66 343
394 131
300
843
656
481 101
406
536
870
475 524
648
712
747
987
921
864
393
440
971
821
177
106
184
810 929
433
467
303
989
122
208
739
380
203
753 438
209
134 866
977 204
646
559
367
491
792
334
430
746
68 841
627
91 51
946 338
478 108
574
779
840 15
630 273
322 699
965 953
453
39
735 129
70
675 492
1
138 788
201
682
489
327 582
540
420
299
830
917
919 876
217
955
807
239
531
309
534 609
652
374
877
662 562
893
462
863
799
516
766
994
494 246
199 628
451
634 590
47 236
366 581
454 720
727
486
56
647
257 911
930 960
794 542
33
376 800
307 185
287
198 126
673 847
631 36
164
109
537 422
157 805
681 558
793 418
170
297 403
470 636
645
378
266 104
136
599 461
785
607 424
756
479
251
265
743
768
963
894 653
190 759
941 563
6 30
978
567
151 586
207 324
660 427
584
850
606
713
641
546
219
904 55
139
375 409
993 862
363 206
171 144
410 248
933
826
683 643
274
706
551
330 932
490 243
931
500
162 825
329
173 789
778
121
48
285 958
335 180
78
142
193
744 535
97 20
772
211
504
617 945
174
90
897 345
539
901 858
773 796
8 390
296
556
485
723
357
279
370
654
548 760
857 344
323
762 238
493
24
790
890
342
541
429
80 545
102 726
570
837 407
17
970
505
909 676
527 578
290 414
791
77
283
983
608 980
679
872 295
294
900
178
969
869
718
166
298
530
431
154
511 249
839
220
824 853
672
964
667
532
202
573 183
150 133
797 891
46 262
132
250 861
520
135
284
881 657
315
13
867
868 172
998
99 455
45
413 116
261
92
951
488
844
340
469 143
506
397
677
554
817 920
914
954
812
64 355
741
339 115
533
218 523
258
688
624 661
84 18
649
38
771
167
353 795
449 321
711 828
123 96
71 552
349
557
317
903 528
835 615
579 758
89
158 816
623
728
587 2
159
111
140
267
734
526
119 633
337 0
829
510 806
187
314
896
441
245
405 147
820
168 749
514
74
878
480
316
823
555
35
724
593
436
459 518
701 310
752 432
163 458
110
767
851
228
392 838
361
41
616
966
63
19
626
240
918 264
348
942
4
880
906
356
809
740 452
583 943
775
254
465 571
517 385
7
702
350 269
213
242 589
887
611
22
399 388
381
705 474
277
597
859
112
286
976
50
426 124
100
502
680
819
665 572
11
75
62
468
658
707
216
54 386
892 564
194
827
996 915
594
148
950
308
644
253 695
670 700
61 898
53 85
592
944
181
722
780
610
836
400
425
642
176
387
940 484
336 221
289 697
446
755
293
640
975
215 981
860
256 65
655
604
905
368 984
899
512 884
639
473
736
421
871 513
401 798
886
118 547
842
499
16
125
926
437 902
404
621
650
629
849
5
275
924
972
416
855
25
412
822
107
761
369
754
457
782 57
395 445
235
379
802
3
925
565
947 988
87
497
29
483
463
922
354
358
519
638
885 577
435
192
949 937
938
625 973
742
961 398
804
189
351
696 715
205
127
948
460
447 117
912 956
808 721
691
477
423
939
708
495 985
496 685
856 234
507
598 783
614
913
155 498
529 94
613
979 813
600 466
596
690
169 991
879 79
442
362
93 957
986
237 601
434 651
186
83
128 882
803
787
32 622
687
612 521
456
364
34
801 566
40 668
908
692
777
346
738
304 428
305
637 341
229
197
729
811
990 686
225
982 750
698 522
9
21
605
281
602
26 974
704
331 365
575
910 501
60
268
67 59
848
764
98
230
73
962
719
263 105
997
161 372
515
301
854
508
889
81
360
591
313
580 544
120
709 659
487 49
833 114
525 165
130 153
76 200
560
748
716 664
276
306 703
224 382
320
678
663
23
260
241
419 731
781 95
620 31
671
450
550
603 618
725
247
875
763 69
195 952
769 402
373 137
714 595
282
42
936
588
255
549
814 188
212
179
52 417
292
464 252
272
175 444
693
384 291
347
907
86 543
141
103
43
222
669
28
302
332
82 751
852
44 999
732
935
503 619
325
923
635 27
874
278
482 270
226 408
569
233
928 774
152 214
538
895
888
745
730
784
113
632 227
968 553
472
845
448
156 689
326
319
509
873 568
312
14
311
146 927
439
992
694
757
995 182
232
352
934 717
576
280 271
333
916 832
733
967 72
776
58 471
377
959
196
674 765
37 476
389
561
259 231
396
666 88
815
210
145
12 191
411
585 846
684 371
710 288
160 383
737 770
223 359
415 244
786
391
328
443 834
865
149
