750
687
725
848
279
215 981
603 618
309
156 689
395 445
125
68 841
782 57
314
454 720
337 0
696 715
364
120
132
989
963
690
360
961 398
34
87
576
173 789
728
425
411
550
769 402
597
688
755
33
910 501
175 444
826
202
282
391
897 345
35
763 69
885 577
250 861
959
569
465 571
216
772
693
850
519
225
732
377
150 133
771
83
879 79
908
419 731
839
584
645
141
639
266 104
121
171 144
880
743
702
679
815
302
346
888
168 749
203
163 458
300
76 200
1
258
670 700
74
237 601
933
990 686
705 474
638
443 834
209
970
946 338
935
187
487 49
260
352
673 847
893
426 124
779
650
926
257 911
964
369
587 2
112
435
941 563
854
574
82 751
240
684 371
612 521
899
801 566
468
459 518
58 471
396
723
711 828
186
775
663
994
559
600 466
923
737 770
495 985
683 643
107
977 204
323
43
979 813
551
617 945
514
640
103
313
993 862
351
748
336 221
656
11
939
976
220
608 980
827
26 974
212
511 249
594
526
912 956
831
460
483
89
583 943
896
307 185
934 717
462
870
292
596
874
176
804
642
510 806
389
441
293
404
525 165
219
118 547
579 758
60
247
275
265
660 427
742
301
997
457
134 866
836
855
38
757
274
52 417
978
106
845
207 324
872 295
930 960
784
232
312
423
251
949 937
965 953
744 535
285 958
164
718
719
442
768
127
470 636
84 18
906
620 31
13
91 51
849
276
357
139
681 558
671
666 88
819
667
447 117
261
350 269
159
297 403
747
53 85
529 94
588
881 657
820
602
170
570
475 524
110
477
211
405 147
263 105
646
193
724
777
538
824 853
169 991
488
840 15
421
781 95
875
205
733
823
632 227
573 183
669
549
604
746
66 343
762 238
298
634 590
489
481 101
174
835 615
871 513
807
434 651
224 382
80 545
517 385
81
512 884
499
802
707
830
320
710 288
12 191
539
218 523
658
333
47 236
605
305
194
294
392 838
315
50
761
843
111
648
607 424
776
469 143
397
701 310
734
482 270
621
179
852
21
647
136
46 262
859
706
540
90
394 131
793 418
78
32 622
532
678
353 795
467
160 383
811
400
877
473
803
698 522
947 988
593
500
354
966
97 20
226 408
541
833 114
505
128 882
894 653
623
6 30
196
878
393
730
162 825
29
486
210
983
283
860
497
233
677
913
869
865
741
228
278
140
287
259 231
756
829
931
197
895
968 553
379
504
373 137
23
368 984
644
565
25
99 455
494 246
909 676
28
41
936
24
754
485
157 805
752 432
925
436
230
753 438
222
375 409
130 153
322 699
235
154
491
975
42
992
70
167
453
413 116
567
155 498
631 36
135
54 386
508
857 344
223 359
616
606
675 492
972
290 414
284
785
334
787
516
530
451
4
420
887
335 180
242 589
399 388
149
575
280 271
780
48
100
808 721
534 609
713
306 703
439
844
503 619
790
268
119 633
412
951
5
433
9
905
740 452
625 973
938
213
867
890
531
792
917
384 291
817 920
557
381
745
716 664
851
546
624 661
613
199 628
75
342
161 372
809
987
592
8 390
123 96
903 528
376 800
16
506
102 726
181
303
348
92
22
289 697
245
868 172
229
327 582
366 581
267
502
17
682
14
311
904 55
450
431
456
995 182
680
886
591
490 243
814 188
791
764
361
62
580 544
67 59
942
655
158 816
416
773 796
722
325
626
674 765
892 564
556
714 595
253 695
810 929
873 568
190 759
520
493
195 952
996 915
356
329
614
665 572
339 115
347
480
704
654
822
637 341
349
437 902
635 27
3
611
148
272
969
19
901 858
692
449 321
599 461
326
330 932
401 798
479
922
380
962
797 891
64 355
317
77
113
109
907
561
7
950
239
856 234
93 957
39
184
73
672
374
537 422
998
554
328
463
727
45
40 668
56
739
255
948
515
916 832
86 543
340
821
971
921
472
919 876
367
548 760
507
71 552
735 129
281
786
440
37 476
536
146 927
527 578
986
738
98
122
627
944
10 318
189
940 484
177
410 248
709 659
924
286
316
842
652
914
430
954
630 273
192
598 783
928 774
555
812
142
208
818 883
767
446
406
794 542
387
308
198 126
331 365
415 244
766
585 846
900
918 264
799
982 750
151 586
533
691
319
837 407
448
254
241
358
712
378
708
736
694
152 214
363 206
955
729
864
863
362
641
299
509
332
256 65
496 685
649
778
889
178
277
61 898
629
478 108
370
610
296
201
304 428
145
429
138 788
662 562
44 999
217
166
464 252
560
967 72
63
