750
688
87
479
14
746
982 750
508
282
933
287
314
674 765
852
329
369
660 427
520
448
235
175 444
807
970
754
908
944
441
56
366 581
935
831
792
349
540
555
412
205
405 147
951
821
634 590
1
224 382
211
556
812
98
918 264
863
62
7
548 760
376 800
719
491
576
525 165
482 270
583 943
319
532
395 445
687
612 521
914
339 115
48
667
693
219
722
638
972
443 834
181
209
220
859
514
629
885 577
672
767
964
410 248
125
580 544
103
198 126
297 403
97 20
454 720
810 929
773 796
155 498
603 618
559
557
912 956
406
694
166
741
502
322 699
793 418
996 915
925
961 398
969
822
530
463
130 153
718
938
497
75
435
692
254
869
868 172
421
462
610
189
208
608 980
768
90
46 262
328
58 471
529 94
399 388
919 876
950
413 116
691
258
186
71 552
83
977 204
503 619
377
818 883
123 96
712
786
99 455
871 513
22
856 234
983
675 492
515
910 501
877
139
305
32 622
947 988
336 221
327 582
584
44 999
17
358
35
202
652
112
802
817 920
237 601
976
865
251
472
247
727
272
223 359
464 252
415 244
315
939
541
68 841
762 238
308
709 659
201
794 542
569
735 129
801 566
150 133
598 783
504
404
835 615
425
84 18
677
483
149
361
110
197
334
848
753 438
671
195 952
893
335 180
192
959
743
66 343
475 524
978
588
480
12 191
25
232
594
946 338
179
177
663
728
193
815
411
53 85
293
240
511 249
194
278
353 795
89
352
873 568
684 371
509
894 653
24
923
941 563
37 476
370
864
303
604
394 131
665 572
228
645
809
387
255
763 69
650
936
706
292
118 547
159
850
494 246
16
442
903 528
306 703
436
429
493
121
230
872 295
239
776
729
170
340
378
934 717
804
158 816
527 578
148
506
41
623
600 466
730
602
396
901 858
716 664
734
714 595
565
824 853
819
162 825
772
658
740 452
642
766
281
851
397
350 269
975
416
874
597
47 236
579 758
277
916 832
253 695
152 214
453
91 51
926
451
949 937
478 108
570
992
276
196
878
624 661
490 243
646
19
593
342
723
496 685
391
216
785
698 522
942
449 321
892 564
670 700
294
351
141
820
161 372
8 390
279
533
61 898
531
787
325
286
867
561
966
724
965 953
296
839
739
745
203
647
921
755
426 124
212
469 143
808 721
63
784
259 231
379
431
320
430
485
241
265
507
456
261
990 686
290 414
289 697
928 774
854
119 633
614
217
986
814 188
354
4
592
298
797 891
256 65
587 2
639
630 273
373 137
748
440
917
870
331 365
631 36
60
649
888
34
477
654
567
356
924
599 461
994
70
274
419 731
575
332
705 474
707
10 318
896
880
76 200
998
120
381
330 932
968 553
683 643
849
713
940 484
678
229
906
347
434 651
550
213
389
348
574
710 288
5
266 104
538
132
140
268
778
554
176
54 386
732
534 609
473
704
799
64 355
913
106
962
337 0
655
790
596
829
626
50
922
360
656
263 105
169 991
367
536
931
146 927
662 562
711 828
257 911
782 57
779
897 345
178
708
549
500
245
830
401 798
632 227
641
107
45
43
895
744 535
546
28
637 341
860
167
887
607 424
74
725
591
267
81
505
837 407
930 960
855
803
467
374
380
620 31
29
616
481 101
163 458
102 726
113
752 432
222
833 114
775
836
738
954
736
948
423
669
280 271
145
312
122
827
67 59
457
364
890
617 945
164
242 589
446
439
764
512 884
843
517 385
644
92
275
963
368 984
666 88
207 324
393
781 95
769 402
733
823
987
309
400
499
900
756
21
465 571
857 344
52 417
73
260
304 428
362
605
226 408
747
78
468
621
486
86 543
997
174
459 518
136
573 183
690
889
299
761
680
313
160 383
233
283
156 689
679
881 657
648
971
134 866
551
842
682
187
673 847
737 770
875
907
135
979 813
199 628
437 902
489
154
127
771
26 974
420
904 55
447 117
109
585 846
681 558
780
38
301
250 861
307 185
845
510 806
317
625 973
487 49
905
460
218 523
635 27
100
826
138 788
157 805
375 409
495 985
142
995 182
93 957
886
613
993 862
742
640
470 636
80 545
560
151 586
702
210
285 958
311
173 789
811
757
606
33
537 422
955
879 79
11
40 668
840 15
3
392 838
488
450
225
777
899
516
190 759
696 715
316
300
701 310
519
357
42
168 749
82 751
215 981
433
539
184
611
526
77
9
909 676
363 206
284
791
333
844
6 30
128 882
627
326
13
171 144
967 72
989
323
384 291
302
111
346
39
23
