750
479
435
140
75
477
62
678
296
944
808 721
257 911
43
22
301
348
45
282
184
638
648
730
680
856 234
912 956
128 882
959
71 552
722
823
641
978
247
118 547
979 813
374
315
399 388
574
331 365
897 345
569
142
531
21
121
868 172
478 108
439
434 651
667
421
168 749
512 884
90
831
947 988
996 915
922
534 609
502
10 318
197
29
161 372
776
836
294
405 147
177
102 726
350 269
387
325
660 427
864
110
470 636
12 191
53 85
228
551
794 542
160 383
671
669
230
289 697
219
336 221
449 321
725
134 866
76 200
820
962
606
939
803
207 324
804
375 409
810 929
426 124
266 104
323
532
892 564
298
948
412
663
935
711 828
511 249
821
666 88
517 385
82 751
481 101
145
850
614
384 291
255
155 498
381
658
894 653
130 153
275
905
459 518
41
814 188
787
171 144
757
859
587 2
687
441
753 438
73
265
473
378
712
368 984
141
900
392 838
464 252
780
136
16
148
17
58 471
339 115
925
917
634 590
844
260
340
139
60
251
493
701 310
893
411
631 36
704
92
972
510 806
909 676
867
734
591
612 521
710 288
39
930 960
870
698 522
611
429
525 165
335 180
837 407
802
817 920
277
647
306 703
741
747
629
782 57
645
520
625 973
585 846
763 69
539
644
373 137
151 586
692
33
874
232
292
797 891
28
26 974
220
397
843
827
416
450
942
391
63
855
32 622
420
904 55
986
259 231
997
235
688
446
778
963
626
363 206
713
125
890
709 659
916 832
649
829
440
934 717
166
965 953
681 558
451
554
762 238
300
768
736
201
225
253 695
361
954
483
209
299
304 428
694
662 562
284
617 945
550
37 476
48
507
940 484
80 545
330 932
559
77
469 143
433
708
376 800
413 116
320
739
754
639
605
602
196
311
305
801 566
159
170
744 535
453
267
627
610
791
693
967 72
181
179
395 445
68 841
541
132
982 750
580 544
190 759
819
995 182
328
226 408
505
279
851
707
971
280 271
81
254
6 30
998
555
656
646
906
443 834
487 49
567
529 94
468
790
924
515
369
173 789
44 999
737 770
799
616
526
926
316
34
120
990 686
623
527 578
833 114
969
467
918 264
437 902
785
830
977 204
334
42
281
245
877
907
11
818 883
597
497
106
970
287
613
163 458
852
989
401 798
276
640
198 126
655
89
675 492
950
994
150 133
149
199 628
66 343
50
93 957
779
158 816
857 344
863
691
901 858
807
496 685
723
354
865
47 236
840 15
746
349
740 452
123 96
212
860
229
256 65
878
727
240
673 847
342
921
272
835 615
1
175 444
941 563
99 455
250 861
682
705 474
573 183
286
495 985
486
607 424
224 382
327 582
223 359
598 783
933
766
213
560
457
91 51
494 246
195 952
169 991
516
670 700
913
738
309
278
415 244
406
86 543
674 765
599 461
635 27
211
961 398
899
216
509
565
393
875
24
356
203
690
488
97 20
442
993 862
936
351
237 601
761
152 214
546
156 689
25
312
793 418
530
642
352
756
652
677
748
111
202
19
683 643
964
283
396
885 577
499
718
490 243
239
40 668
880
485
755
258
966
773 796
848
436
3
537 422
347
176
946 338
672
903 528
472
308
64 355
767
7
389
975
241
154
135
337 0
771
366 581
931
650
849
854
218 523
370
14
4
896
879 79
781 95
364
826
379
888
777
811
987
593
113
604
743
205
100
186
192
146 927
869
103
54 386
8 390
772
447 117
575
992
845
419 731
540
955
394 131
303
465 571
665 572
724
61 898
462
968 553
297 403
157 805
923
333
745
583 943
210
536
775
514
910 501
928 774
548 760
792
404
56
824 853
719
261
576
357
786
380
702
733
329
728
637 341
594
951
302
410 248
908
679
138 788
603 618
475 524
319
274
46 262
684 371
162 825
84 18
9
425
914
5
360
119 633
919 876
194
983
764
696 715
208
706
233
561
174
500
549
621
448
503 619
630 273
332
293
596
430
506
654
504
592
938
107
290 414
557
752 432
463
35
873 568
317
263 105
588
482 270
815
314
570
489
716 664
889
307 185
714 595
313
83
624 661
400
377
167
222
215 981
189
362
556
533
193
367
886
871 513
460
584
74
326
809
87
285 958
358
729
353 795
881 657
423
895
13
632 227
322 699
769 402
122
600 466
456
976
620 31
480
164
109
178
822
127
608 980
784
242 589
431
112
70
839
742
346
78
52 417
538
949 937
812
872 295
491
38
187
454 720
67 59
268
98
732
23
519
887
217
842
508
735 129
579 758
