750
106
727
62
570
63
195 952
500
24
368 984
462
939
184
71 552
992
119 633
903 528
892 564
665 572
987
799
713
360
780
351
942
722
675 492
4
328
926
809
192
503 619
584
495 985
833 114
151 586
660 427
756
979 813
865
361
378
962
669
807
393
199 628
241
275
733
797 891
921
654
508
606
950
538
779
369
419 731
34
74
520
37 476
975
7
160 383
256 65
370
629
421
254
621
349
120
923
435
337 0
782 57
477
22
870
496 685
309
475 524
83
9
447 117
914
918 264
875
358
167
189
790
504
289 697
899
933
646
977 204
322 699
89
507
777
448
98
45
493
738
356
712
702
599 461
28
84 18
482 270
433
122
680
817 920
671
453
176
613
387
753 438
794 542
29
251
741
279
971
173 789
667
815
554
954
549
895
87
912 956
860
574
674 765
430
161 372
880
778
856 234
526
913
261
224 382
886
511 249
312
392 838
672
650
555
348
299
575
723
329
791
469 143
380
916 832
917
775
663
281
872 295
313
517 385
258
109
315
451
964
384 291
608 980
534 609
844
764
592
247
171 144
136
155 498
35
666 88
207 324
479
154
217
744 535
565
998
617 945
209
280 271
60
747
362
230
598 783
879 79
489
110
298
735 129
644
808 721
308
966
632 227
946 338
634 590
631 36
694
647
829
873 568
612 521
163 458
811
330 932
835 615
464 252
737 770
66 343
938
314
491
123 96
127
13
139
585 846
804
459 518
43
990 686
220
709 659
354
729
425
232
989
771
533
334
103
557
272
297 403
23
955
235
843
32 622
431
228
624 661
970
763 69
302
793 418
900
250 861
931
470 636
740 452
830
56
769 402
890
285 958
326
102 726
818 883
573 183
441
730
593
922
746
641
949 937
655
837 407
397
850
919 876
467
352
696 715
748
240
904 55
871 513
118 547
436
656
711 828
642
839
142
826
716 664
509
138 788
724
284
276
336 221
704
827
739
768
395 445
42
400
901 858
325
196
442
92
888
39
257 911
47 236
934 717
532
473
732
488
86 543
429
178
225
583 943
761
928 774
688
1
627
187
588
728
443 834
602
814 188
678
941 563
561
266 104
848
969
179
99 455
762 238
652
527 578
208
166
610
465 571
708
559
335 180
107
70
690
300
485
502
170
242 589
639
364
569
283
812
781 95
190 759
905
134 866
640
158 816
186
785
44 999
519
855
64 355
684 371
773 796
536
216
472
68 841
852
169 991
596
396
6 30
237 601
480
413 116
128 882
878
836
787
375 409
766
638
767
379
510 806
152 214
487 49
52 417
881 657
415 244
159
412
420
701 310
100
896
494 246
743
168 749
40 668
286
889
260
97 20
311
58 471
148
658
73
567
389
649
16
823
374
130 153
121
478 108
707
77
333
679
67 59
287
82 751
81
376 800
411
377
282
463
202
587 2
673 847
541
33
468
546
968 553
924
604
718
239
80 545
146 927
454 720
210
576
3
401 798
223 359
296
539
986
810 929
662 562
885 577
705 474
339 115
446
714 595
347
215 981
212
540
645
440
935
205
616
961 398
959
486
268
76 200
194
181
457
162 825
112
353 795
46 262
874
908
320
859
367
754
893
819
614
50
603 618
8 390
736
164
719
293
742
499
607 424
203
53 85
693
145
745
233
213
38
530
909 676
366 581
255
854
93 957
410 248
263 105
253 695
274
48
692
822
757
976
363 206
698 522
306 703
90
497
132
831
149
948
41
259 231
824 853
978
135
197
821
682
323
551
995 182
605
14
399 388
416
460
514
219
683 643
54 386
294
156 689
594
193
963
198 126
993 862
177
803
630 273
940 484
141
623
78
681 558
965 953
820
849
887
19
529 94
864
972
897 345
687
394 131
17
910 501
21
597
894 653
11
340
290 414
877
350 269
278
331 365
930 960
450
982 750
174
229
437 902
648
505
140
906
944
265
125
267
550
307 185
710 288
951
91 51
304 428
611
303
851
863
157 805
537 422
580 544
426 124
967 72
12 191
994
113
840 15
845
801 566
691
61 898
111
5
316
490 243
342
579 758
26 974
868 172
218 523
725
772
222
734
332
277
483
439
548 760
319
381
635 27
792
869
752 432
10 318
925
327 582
434 651
786
515
226 408
150 133
201
591
406
907
776
997
305
936
525 165
531
404
637 341
556
391
245
346
405 147
670 700
996 915
857 344
317
301
175 444
625 973
516
292
677
75
620 31
600 466
481 101
867
947 988
506
842
755
512 884
211
802
626
706
373 137
784
357
983
25
449 321
560
456
423
