750
546
437 902
253 695
947 988
869
606
994
25
885 577
14
325
305
574
684 371
607 424
863
63
77
940 484
259 231
597
22
959
652
532
134 866
489
23
896
350 269
753 438
756
303
842
744 535
232
97 20
588
245
966
797 891
559
181
632 227
74
328
439
82 751
787
203
450
202
769 402
159
785
443 834
794 542
647
130 153
76 200
871 513
514
112
500
447 117
824 853
12 191
762 238
855
675 492
362
912 956
900
357
508
277
714 595
807
351
933
914
998
477
151 586
258
242 589
268
713
459 518
482 270
670 700
478 108
67 59
505
830
569
763 69
495 985
50
890
39
964
917
58 471
146 927
775
716 664
550
895
145
747
4
178
497
255
297 403
289 697
187
254
75
906
967 72
240
593
881 657
396
930 960
641
160 383
377
127
197
901 858
507
648
707
84 18
560
491
276
247
781 95
733
314
904 55
951
719
46 262
52 417
626
976
698 522
591
446
534 609
941 563
614
955
44 999
73
801 566
701 310
363 206
111
162 825
836
292
397
218 523
773 796
332
487 49
600 466
506
711 828
393
819
786
710 288
315
349
557
48
113
839
708
378
827
840 15
646
211
149
311
41
5
779
706
865
603 618
87
251
223 359
776
687
61 898
859
293
728
384 291
179
908
681 558
465 571
486
793 418
154
732
608 980
230
64 355
225
629
833 114
860
379
677
663
103
551
100
148
977 204
864
152 214
962
348
456
680
405 147
989
241
658
404
723
965 953
598 783
107
548 760
662 562
300
298
175 444
594
529 94
570
279
342
954
735 129
584
347
16
174
9
709 659
35
224 382
672
401 798
280 271
406
634 590
205
294
654
725
623
517 385
741
86 543
979 813
90
822
346
946 338
621
638
879 79
219
583 943
150 133
353 795
376 800
942
916 832
307 185
764
802
870
331 365
118 547
433
212
282
820
274
530
81
189
416
93 957
780
42
857 344
512 884
123 96
451
627
98
877
373 137
502
190 759
301
772
299
983
561
128 882
996 915
193
642
71 552
37 476
742
596
702
66 343
186
194
519
704
312
767
814 188
53 85
968 553
986
809
420
413 116
142
604
320
949 937
520
556
387
267
184
768
678
91 51
886
226 408
655
972
313
176
265
483
939
969
511 249
494 246
419 731
434 651
782 57
367
931
845
671
330 932
745
669
135
229
691
17
19
6 30
971
575
8 390
453
873 568
531
555
68 841
333
423
173 789
308
468
777
734
766
156 689
849
639
909 676
692
464 252
934 717
835 615
660 427
729
121
722
637 341
549
573 183
694
922
997
826
210
665 572
286
878
515
899
644
479
616
525 165
361
441
374
47 236
316
808 721
888
743
935
481 101
3
337 0
784
161 372
867
132
256 65
961 398
296
80 545
712
995 182
503 619
837 407
334
356
11
168 749
887
854
844
688
746
617 945
993 862
421
645
389
683 643
368 984
631 36
740 452
122
364
40 668
852
442
576
611
207 324
322 699
537 422
284
215 981
239
897 345
237 601
250 861
43
199 628
496 685
195 952
7
982 750
440
261
624 661
326
587 2
799
192
903 528
257 911
208
679
499
285 958
748
754
430
119 633
738
538
868 172
963
602
910 501
217
21
166
360
29
228
411
736
278
485
730
580 544
755
625 973
599 461
317
875
613
381
818 883
944
791
682
892 564
936
610
757
605
201
10 318
823
975
640
811
380
358
926
690
536
475 524
540
56
391
667
99 455
169 991
620 31
120
198 126
457
155 498
850
431
222
436
978
815
812
83
928 774
369
565
281
410 248
400
460
54 386
851
970
804
533
921
666 88
473
395 445
429
472
612 521
510 806
141
304 428
938
950
352
163 458
761
539
335 180
493
894 653
790
392 838
26 974
650
913
272
158 816
290 414
990 686
167
673 847
843
32 622
874
992
275
504
283
925
319
889
856 234
541
674 765
306 703
38
696 715
209
60
375 409
592
649
771
426 124
948
235
394 131
872 295
109
656
718
92
45
336 221
490 243
399 388
34
366 581
705 474
415 244
778
470 636
263 105
13
106
260
196
488
33
907
724
554
918 264
463
829
171 144
302
480
213
110
435
987
28
803
752 432
810 929
880
739
216
24
792
62
905
509
579 758
635 27
567
467
164
339 115
630 273
919 876
924
848
266 104
1
354
923
177
462
287
233
693
139
454 720
527 578
893
220
516
136
70
370
89
737 770
526
157 805
817 920
140
469 143
323
327 582
449 321
412
170
102 726
821
78
425
831
309
727
585 846
125
340
329
138 788
448
