750
169 991
71 552
215 981
505
103
174
771
597
645
972
824 853
649
734
146 927
930 960
802
626
654
123 96
648
885 577
462
968 553
340
933
337 0
375 409
863
220
483
870
831
24
154
349
794 542
316
308
667
504
313
722
730
177
603 618
881 657
179
646
167
166
207 324
804
779
677
850
829
333
713
694
886
756
241
849
785
768
107
33
157 805
178
138 788
164
305
152 214
916 832
530
473
716 664
729
554
237 601
964
961 398
539
91 51
67 59
855
98
787
594
925
969
842
998
701 310
317
486
959
935
913
811
922
775
369
193
261
723
17
900
557
996 915
908
914
75
738
928 774
218 523
453
299
394 131
766
463
125
113
482 270
944
347
704
274
247
610
852
485
551
845
118 547
672
812
268
83
647
468
222
192
205
763 69
997
709 659
201
289 697
478 108
889
399 388
405 147
819
821
331 365
354
351
202
404
199 628
294
376 800
175 444
251
698 522
23
284
416
814 188
443 834
353 795
50
420
281
325
681 558
254
873 568
538
569
781 95
5
102 726
678
989
865
540
412
42
650
82 751
245
877
938
977 204
350 269
592
54 386
623
965 953
710 288
934 717
869
747
296
656
77
531
639
326
851
339 115
391
808 721
702
37 476
815
754
764
195 952
537 422
163 458
109
360
232
330 932
380
510 806
367
450
660 427
994
352
931
514
106
797 891
918 264
868 172
120
526
899
776
66 343
627
60
533
448
919 876
926
78
48
46 262
712
119 633
941 563
239
302
159
401 798
336 221
442
320
894 653
596
496 685
769 402
328
293
986
132
134 866
194
752 432
587 2
381
176
907
53 85
92
240
460
724
640
208
472
506
835 615
4
280 271
430
793 418
459 518
621
56
826
257 911
604
613
139
265
963
451
224 382
285 958
576
588
860
580 544
575
549
156 689
692
26 974
662 562
848
809
145
742
395 445
74
982 750
817 920
864
777
479
923
213
122
803
81
334
567
35
801 566
827
13
857 344
233
12 191
362
584
364
608 980
267
525 165
34
728
666 88
955
878
625 973
500
219
148
413 116
469 143
186
962
705 474
190 759
410 248
58 471
319
494 246
203
896
706
467
901 858
229
670 700
837 407
673 847
130 153
426 124
684 371
39
389
966
536
216
366 581
737 770
419 731
235
732
168 749
992
429
52 417
327 582
491
859
223 359
637 341
335 180
509
304 428
287
250 861
8 390
512 884
743
22
272
971
253 695
397
298
600 466
480
100
230
753 438
1
820
465 571
593
290 414
807
606
727
181
507
80 545
843
669
228
745
361
457
7
87
127
279
598 783
616
255
741
921
987
16
644
573 183
43
160 383
912 956
757
61 898
733
583 943
210
983
836
975
556
14
663
439
97 20
735 129
599 461
173 789
634 590
744 535
949 937
90
277
976
6 30
21
323
693
546
691
141
225
189
184
614
384 291
433
357
377
560
995 182
854
683 643
652
440
517 385
301
392 838
292
791
314
951
799
358
978
823
70
495 985
423
470 636
555
617 945
29
76 200
631 36
519
406
714 595
449 321
655
400
638
778
86 543
574
679
910 501
565
682
187
548 760
379
680
197
196
493
140
489
924
456
559
312
880
541
89
447 117
875
161 372
41
499
121
421
602
446
356
867
437 902
307 185
38
63
62
675 492
719
3
529 94
605
378
431
579 758
612 521
888
550
748
947 988
871 513
665 572
481 101
792
425
736
436
64 355
368 984
155 498
212
283
950
909 676
740 452
906
946 338
198 126
40 668
128 882
322 699
687
286
739
242 589
903 528
276
211
936
73
892 564
110
488
315
872 295
810 929
266 104
332
396
99 455
624 661
374
786
135
948
607 424
897 345
151 586
136
688
150 133
282
434 651
454 720
306 703
630 273
674 765
887
311
84 18
370
387
746
373 137
755
782 57
708
833 114
773 796
28
917
993 862
278
641
718
874
696 715
508
690
942
329
840 15
490 243
979 813
620 31
879 79
970
503 619
393
303
895
658
464 252
258
707
954
300
435
68 841
142
629
767
363 206
516
217
477
611
10 318
415 244
342
591
822
25
635 27
790
890
711 828
112
309
515
784
570
893
772
47 236
93 957
346
9
32 622
561
411
19
585 846
839
532
990 686
297 403
487 49
671
534 609
940 484
275
158 816
905
209
725
260
780
642
170
830
171 144
11
761
818 883
844
502
441
520
497
149
632 227
45
348
475 524
256 65
904 55
762 238
939
226 408
44 999
856 234
259 231
527 578
263 105
511 249
111
967 72
162 825
