750
425
852
490 198
581 263
720 783
351
368 366
49 419
557
410 579
440
649
910 587
445 15
357
85 524
931
814 897
342
497
766
680
925
274
602
526
860
393
278
213
53 759
614
532
609 452
0 512
949 269
122
177
202
276
179
741
507
844
111
853 58
994
246 156
363 104
656
314
807
422 253
242 930
737 894
907
980 578
566 55
199 873
671
718
864
391
738
877
585 150
622 974
546
922
711 384
287
294
840 511
241
429
66 598
523 59
380
691
956 273
574
191 674
555
33
1
420
944
739
148
849
442
196
288 825
132
403 138
417 958
568 266
281
971
638
569
593
723
68 659
371 929
396
206 909
217
120
118 957
375 47
397
473
520
145
267
463
756
979 517
556
679
174
301
4
83
324 651
378
560
592
178
564 965
328
590 683
899
441
247
730
28
843
822
144 552
77
996 542
742
880
962
947 813
309
938
531
176
584
645
551
779
978
640
154
481 620
231 751
211
475 501
576
690
232
62
747
845
927 872
159
627
45
233
119 528
360
10 665
959
127
180 223
538
508
624 805
951
774 695
97 443
316
795 543
791
35
92
898 108
642
71 168
193
606
787
963
141
456
961 40
200 413
821
975
658
536
459 432
652
533
245
812
183 129
809
724
243 985
488
829
561
815
743
832 586
803
513 466
483
485
755
336 388
136
433
926
438 968
25
94 12
341 920
820
924
343 330
91 572
692
709 155
655
460
275
467
469 901
167
404
272
650
591
472
895
780
839
365 115
764
142
522 883
835 601
131 995
405 126
160 857
147 221
302
395 295
725
21
784
983
887
810 749
408 474
693
344 673
792
734
631 953
430
921
700 80
769 169
100
491
865
735 793
39
918 876
27 257
63
70
292
799
353 116
153 204
282
188 270
950
139
23
972
913
672
312
502
613
264 577
848
374
280 82
229
833 105
358
190 163
906
851
827
254
771
923
340
705 625
753 545
134 866
493
322 182
777
893
823
170
24
549
862 603
286
854
745
662 498
215 146
112
647
722
16
479
435
914
38
801 458
461 52
424 394
455 252
423
446
633 262
772
916 612
240
847 571
383 484
212
426 214
90
203
884 600
22
802
239
565
641
352
401 824
765 399
225
46 582
332
43
954
11
74
969
550
615 414
733
346
850
834 988
334
505
379
870
373 476
349
6 868
406
664 518
952 752
184
611
626
308
942
515
5
955
678
310 984
818 763
133 973
181
389
548 758
516
623
192
219
235
113
333
903 306
746
539
905
736
707
892 69
75
143 703
65 750
387
450
434 237
618 981
637 617
323
567
8 686
409 464
816 628
400
454 61
634 856
841 817
748
796 99
669
293
682
710 487
381
530
367
888
919 595
855
3
207 51
453
541
194
303
468
504
757
689 175
158 915
785
369
616
836
19
317
778
189
535 218
933
554
161 698
197
17
480
291 911
95 385
790
948
500
42
185 256
681 382
107
499
377
826
937 304
657 697
125
318 941
639
439
506
819
570
998
831
54 932
594
729
416
934 137
298
694
201
220
597
110
489
661 643
251
540
704
727
109
976
164
604
744 806
869
283
362
879 250
563 392
348
412
187
355 635
811
775
364
945 157
863
299
610
60
29
238 427
331 226
258
646
64 327
828 670
186
305
89
319
81
462
889
519
93 2
509
307 696
320
902 415
589 290
553 36
477
227 173
73
325
867
706
559
599 977
50
575
166
431
30 482
260
398 67
457
279
663
990 101
103
162 510
715 236
588
886
297 838
465 84
339 928
356
205
830
782 195
687
411
34
708
917
428 345
265
361
767
527 495
719
117 660
418 846
946 337
18 386
165 982
668 76
712
740 123
997
607 321
648
583 726
966
313
390 800
716 31
354
788 781
9
87
761
773 449
713
858 521
224 871
152 407
41
776
900
987
714 891
881 940
436
102 244
636 128
890
534 630
249 717
296
875
277
768
904 580
208
605
130 547
448
326
234 701
992
7
96 770
654
754
402 619
842
621
989
261
140
48
172 124
596
885 359
786
731 259
675 44
470 999
210
794 684
514
209
98
216
315
798 562
347
471 837
451
896
558 114
667
486
721 699
760 789
447 151
728
335 32
859
732
311
79 492
797 503
370
762 991
677
882 248
967 88
57 437
960 289
702
544 632
939
804
171 285
688
20 808
372 86
537 338
421
300
861 943
228
121
135
629
964
13
608 350
271 376
666 494
149
644
970
72 573
878
444 685
222
874
106
255
284
935
14
329
676 912
56
653 478
525 993
936
529 496
230
78
986
26 37
908
268
