750
794 542
478 108
296
479
624 661
353 795
872 295
423
56
997
678
830
526
122
663
881 657
150 133
719
591
955
746
212
490 243
868 172
276
529 94
358
394 131
109
627
625 973
896
152 214
7
670 700
195 952
829
557
97 20
899
148
837 407
284
936
905
410 248
297 403
752 432
744 535
606
527 578
865
102 726
505
247
656
504
140
976
486
914
440
292
780
194
587 2
617 945
464 252
844
277
694
701 310
66 343
419 731
944
737 770
68 841
494 246
19
489
942
804
87
138 788
599 461
925
54 386
734
113
387
978
216
509
14
712
756
389
499
982 750
910 501
178
674 765
742
48
585 846
208
496 685
733
887
620 31
907
50
435
912 956
634 590
465 571
739
397
62
222
396
280 271
541
610
52 417
98
677
207 324
990 686
73
265
551
43
226 408
933
772
791
660 427
860
854
961 398
381
913
76 200
732
857 344
998
430
493
767
888
158 816
223 359
166
463
823
125
723
597
901 858
368 984
741
904 55
45
160 383
775
141
481 101
453
306 703
611
626
293
538
757
916 832
205
289 697
477
852
722
340
457
672
4
103
186
361
258
235
548 760
594
778
814 188
412
470 636
621
520
259 231
755
690
92
112
177
164
118 547
323
44 999
42
357
267
967 72
331 365
314
187
616
347
561
511 249
738
951
217
278
298
773 796
352
965 953
736
740 452
921
482 270
239
316
93 957
954
80 545
950
640
163 458
987
374
604
654
949 937
673 847
111
196
728
716 664
404
682
442
809
449 321
968 553
256 65
468
928 774
283
373 137
400
230
467
74
312
840 15
319
781 95
446
426 124
763 69
495 985
395 445
39
26 974
784
570
415 244
650
600 466
21
219
835 615
923
598 783
485
25
41
304 428
863
870
370
996 915
448
100
149
894 653
534 609
605
211
487 49
573 183
977 204
507
335 180
549
831
979 813
198 126
802
46 262
709 659
253 695
939
638
1
652
294
159
228
197
922
878
202
727
875
880
879 79
156 689
302
614
808 721
33
434 651
460
508
811
209
940 484
8 390
63
873 568
864
992
519
684 371
132
803
332
303
37 476
366 581
201
583 943
972
171 144
776
406
107
546
567
393
735 129
237 601
329
859
106
833 114
983
328
683 643
337 0
274
364
349
29
531
421
588
497
377
483
799
174
989
384 291
350 269
17
245
146 927
151 586
285 958
425
550
575
12 191
61 898
924
301
6 30
963
157 805
281
333
322 699
649
169 991
161 372
240
560
906
378
725
38
251
506
260
867
299
892 564
839
58 471
540
40 668
475 524
848
786
255
462
162 825
399 388
512 884
220
91 51
9
391
908
360
856 234
766
919 876
665 572
539
179
134 866
607 424
730
443 834
380
536
275
213
480
515
121
706
175 444
128 882
890
900
354
926
603 618
392 838
83
290 414
826
850
691
189
203
488
658
818 883
215 981
714 595
81
693
592
596
785
356
22
90
745
819
502
34
753 438
517 385
24
903 528
75
516
136
909 676
47 236
995 182
580 544
895
782 57
777
747
286
16
315
874
110
181
254
99 455
971
305
771
815
946 338
708
704
871 513
135
411
64 355
416
602
272
225
439
224 382
530
325
713
308
718
612 521
53 85
120
964
893
631 36
533
948
472
962
459 518
555
451
947 988
405 147
787
629
680
569
675 492
692
931
812
743
576
698 522
748
843
433
642
762 238
845
491
170
941 563
441
351
376 800
348
193
669
86 543
637 341
263 105
681 558
218 523
70
77
842
768
711 828
233
266 104
877
139
450
300
89
554
320
797 891
764
793 418
966
229
934 717
473
346
13
641
525 165
334
454 720
662 562
32 622
500
250 861
769 402
130 153
679
687
429
123 96
311
326
84 18
142
469 143
792
702
993 862
648
688
307 185
11
313
886
71 552
646
855
696 715
810 929
242 589
807
363 206
574
336 221
655
23
975
330 932
119 633
210
761
635 27
593
556
60
192
503 619
666 88
579 758
145
630 273
959
167
401 798
154
801 566
342
707
199 628
986
970
379
885 577
155 498
257 911
827
514
821
413 116
168 749
729
918 264
28
232
724
671
754
613
639
889
184
35
241
584
623
176
287
710 288
849
78
279
537 422
930 960
10 318
565
645
644
817 920
127
173 789
282
309
420
632 227
559
339 115
67 59
82 751
437 902
532
369
822
897 345
456
820
917
869
317
190 759
362
268
705 474
447 117
436
969
510 806
647
790
3
935
261
375 409
994
367
824 853
327 582
836
779
938
667
851
431
608 980
5
