750
729
983
39
303
315
666 494
797 503
736
593
526
756
293
831
610
397
66 598
792
561
353 116
581 263
171 285
46 582
682
527 495
447 151
832 586
917
594
329
154
424 394
308
396
640
472
592
486
560
885 359
887
355 635
776
283
747
433
411
742
174
241
405 126
835 601
668 76
16
332
778
979 517
537 338
97 443
112
292
85 524
961 40
771
185 256
229
202
583 726
54 932
284
102 244
799
820
760 789
240
38
559
959
179
720 783
607 321
731 259
613
72 573
557
139
434 237
714 891
281
972
117 660
203
188 270
645
860
550
238 427
404
848
206 909
926
661 643
189
426 214
884 600
25
546
207 51
164
421
845
925
393
796 99
807
602
657 697
795 543
127
801 458
372 86
762 991
879 250
690
71 168
899
814 897
858 521
429
314
902 415
296
945 157
804
428 345
471 837
944
305
217
735 793
307 696
360
165 982
369
886
723
709 155
103
94 12
341 920
41
599 977
320
570
960 289
272
390 800
297 838
766
130 547
689 175
727
513 466
541
316
251
227 173
224 871
519
627
110
166
791
589 290
260
761
722
209
192
194
740 123
905
373 476
319
614
515
798 562
243 985
874
351
107
441
275
865
830
564 965
833 105
728
17
23
775
475 501
403 138
631 953
691
35
483
70
864
313
931
730
298
232
609 452
737 894
523 59
219
615 414
967 88
358
364
455 252
681 382
9
190 163
152 407
461 52
850
435
406
187
499
648
279
454 61
569
287
556
996 542
764
465 84
878
913
416
113
715 236
6 868
964
623
367
506
98
423
268
889
391
153 204
60
280 82
842
400
924
574
408 474
431
892 69
493
882 248
249 717
675 44
626
144 552
49 419
73
827
87
534 630
875
811
616
669
480
349
948
448
34
954
826
288 825
430
178
481 620
420
201
473
318 941
688
922
211
862 603
301
119 528
927 872
908
890
245
787
754
106
516
78
676 912
199 873
970
544 632
410 579
109
172 124
291 911
401 824
829
0 512
810 749
803
637 617
568 266
53 759
335 32
834 988
919 595
133 973
422 253
671
453
7
951
950
777
989
141
29
158 915
21
111
994
11
278
75
622 974
65 750
566 55
840 511
5
680
74
322 182
325
228
383 484
50
724
554
336 388
900
30 482
938
658
877
267
235
650
225
68 659
170
952 752
980 578
816 628
734
606
705 625
312
463
299
634 856
591
489
769 169
633 262
181
63
725
197
77
525 993
258
233
27 257
348
208
264 577
907
246 156
212
936
768
18 386
395 295
333
409 464
794 684
563 392
765 399
81
975
265
22
196
417 958
621
200 413
56
48
64 327
470 999
853 58
215 146
389
744 806
469 901
122
346
402 619
502
436
43
910 587
888
596
45
24
149
904 580
439
442
282
772
784
575
520
485
352
531
867
990 101
121
446
132
893
79 492
946 337
743
567
923
786
302
604
687
368 366
222
467
343 330
379
895
549
880
821
507
508
819
618 981
135
694
145
704
719
966
161 698
143 703
274
721 699
818 763
234 701
191 674
745
342
444 685
118 957
976
374
125
310 984
903 306
654
667
14
91 572
753 545
445 15
785
757
782 195
509
62
700 80
693
1
998
655
311
183 129
992
317
802
538
477
590 683
370
855
294
707
134 866
231 751
96 770
230
491
438 968
611
514
140
788 781
949 269
732
357
939
459 432
160 857
532
500
653 478
254
918 876
639
177
247
255
8 686
588
733
362
916 612
356
605
4
261
934 137
963
418 846
679
851
644
844
375 47
773 449
969
162 510
914
812
457
136
176
456
19
220
57 437
530
642
702
239
933
672
921
83
167
387
716 31
180 223
339 928
412
962
120
363 104
629
849
377
677
93 2
324 651
906
28
159
710 487
978
955
652
142
986
309
33
451
971
852
148
836
739
869
565
748
210
656
663
815
398 67
100
664 518
131 995
354
809
193
242 930
861 943
839
741
90
898 108
584
553 36
365 115
822
718
344 673
896
956 273
636 128
347
216
767
692
881 940
533
713
551
841 817
548 758
535 218
823
450
42
854
711 384
328
505
536
522 883
540
462
558 114
987
529 496
460
779
608 350
20 808
774 695
497
331 226
425
597
706
947 813
205
286
780
334
935
92
323
277
504
555
678
738
147 221
26 37
276
647
184
712
863
378
13
937 304
746
638
539
843
95 385
3
649
641
646
870
708
381
576
380
271 376
624 805
213
440
326
300
340
662 498
755
479
942
790
468
371 929
361
859
488
186
997
10 665
847 571
89
490 198
828 670
585 150
