750
855
142
616
34
631 953
791
904 580
131 995
886
742
996 542
966
662 498
325
539
463
938
461 52
522 883
844
832 586
162 510
70
296
811
652
436
538
718
939
206 909
931
353 116
374
814 897
708
383 484
282
867
346
689 175
11
914
165 982
667
275
950
707
367
771
281
41
477
428 345
593
540
94 12
158 915
83
396
355 635
485
149
298
962
171 285
516
26 37
362
768
284
713
731 259
792
344 673
21
546
408 474
1
140
661 643
489
287
849
821
418 846
332
548 758
902 415
692
744 806
365 115
836
747
268
352
107
251
861 943
550
536
678
183 129
181
745
504
721 699
112
318 941
500
405 126
147 221
964
216
161 698
851
776
412
440
505
0 512
794 684
555
421
397
390 800
435
650
715 236
629
611
515
423
810 749
278
716 31
609 452
833 105
118 957
145
56
850
119 528
122
334
208
917
219
535 218
222
39
29
457
340
798 562
589 290
734
339 928
880
531
728
537 338
233
486
356
970
581 263
649
757
934 137
215 146
446
424 394
309
377
576
179
916 612
533
892 69
570
975
942
741
592
574
736
305
205
50
862 603
640
859
417 958
331 226
896
343 330
702
68 659
462
764
187
769 169
74
38
722
445 15
159
258
822
969
772
378
559
898 108
134 866
203
688
853 58
167
85 524
827
395 295
459 432
373 476
121
788 781
430
349
90
826
739
410 579
831
575
54 932
317
761
519
784
364
451
627
796 99
676 912
3
778
33
202
509
315
144 552
565
664 518
60
274
558 114
241
765 399
666 494
526
645
447 151
797 503
534 630
585 150
900
188 270
23
818 763
706
584
754
92
153 204
143 703
372 86
596
756
551
95 385
81
398 67
725
148
532
842
847 571
925
369
621
261
403 138
705 625
190 163
453
110
530
816 628
583 726
213
623
687
471 837
951
232
176
830
588
719
391
103
380
152 407
229
132
481 620
812
89
520
983
312
727
556
599 977
525 993
568 266
809
20 808
13
133 973
881 940
927 872
924
642
8 686
276
370
420
194
292
633 262
469 901
120
502
490 198
903 306
541
63
954
224 871
527 495
690
255
671
77
869
843
823
884 600
978
280 82
834 988
238 427
53 759
777
323
308
839
348
711 384
955
998
918 876
774 695
220
234 701
919 595
189
172 124
989
465 84
57 437
656
136
211
714 891
401 824
406
434 237
455 252
456
893
111
908
691
887
113
28
329
429
400
760 789
694
591
605
874
795 543
854
174
614
730
648
361
130 547
597
720 783
972
948
602
209
27 257
231 751
64 327
347
566 55
507
852
7
164
976
235
242 930
594
779
335 32
10 665
201
341 920
639
782 195
472
197
700 80
488
863
277
899
45
723
641
905
733
78
307 696
841 817
724
381
668 76
743
626
228
170
288 825
200 413
704
610
97 443
935
746
780
804
785
186
154
944
936
439
102 244
636 128
709 155
773 449
117 660
448
249 717
637 617
75
693
286
815
450
217
646
177
959
949 269
997
624 805
563 392
299
870
994
79 492
947 813
239
300
363 104
333
322 182
647
497
212
409 464
677
712
549
737 894
513 466
160 857
657 697
775
952 752
96 770
675 44
845
267
438 968
326
483
265
210
141
799
371 929
106
100
313
358
193
135
125
801 458
5
933
297 838
606
185 256
992
906
564 965
544 632
442
766
787
473
820
43
755
240
272
375 47
514
441
264 577
835 601
679
913
30 482
260
14
467
245
65 750
87
710 487
98
990 101
971
672
553 36
729
225
479
66 598
889
960 289
634 856
336 388
468
16
227 173
890
4
460
618 981
738
127
319
860
73
196
967 88
802
828 670
506
19
895
658
762 991
454 61
72 573
328
956 273
864
979 517
314
49 419
283
431
786
732
17
963
607 321
279
71 168
653 478
207 51
184
48
360
807
923
654
882 248
411
393
24
271 376
180 223
735 793
303
638
475 501
561
389
680
46 582
433
877
987
480
166
302
604
829
569
199 873
567
357
590 683
293
93 2
840 511
865
922
790
320
644
301
425
243 985
42
655
946 337
379
554
402 619
426 214
878
493
875
608 350
926
753 545
294
888
18 386
681 382
499
9
192
404
748
740 123
354
470 999
961 40
819
324 651
22
35
291 911
937 304
767
387
311
230
910 587
254
613
560
310 984
907
351
508
91 572
885 359
523 59
663
615 414
986
921
422 253
803
858 521
622 974
848
246 156
109
62
682
6 868
444 685
191 674
342
25
247
945 157
529 496
368 366
178
316
879 250
669
491
139
557
416
980 578
