750
729
467
372 86
398 67
228
461 52
777
878
215 146
111
361
41
6 868
845
276
91 572
581 263
761
176
185 256
62
140
786
713
666 494
798 562
103
406
351
742
93 2
431
230
451
796 99
381
434 237
583 726
8 686
16
100
202
133 973
353 116
1
109
989
210
403 138
309
411
307 696
331 226
926
708
896
526
42
485
258
186
933
978
491
736
436
217
887
141
767
43
211
844
316
908
95 385
755
445 15
952 752
862 603
317
161 698
17
365 115
548 758
264 577
373 476
624 805
938
722
877
616
723
242 930
560
312
785
56
667
575
13
646
90
555
669
274
355 635
690
515
94 12
454 61
954
363 104
298
205
332
222
92
488
633 262
190 163
46 582
775
77
25
917
7
551
206 909
199 873
462
557
480
529 496
356
870
342
286
354
649
689 175
959
53 759
428 345
983
823
22
396
379
533
322 182
281
892 69
963
804
546
74
3
609 452
502
197
60
89
39
590 683
745
881 940
522 883
652
225
986
802
193
135
795 543
975
964
375 47
499
402 619
121
712
910 587
334
768
622 974
231 751
178
849
371 929
139
24
732
102 244
792
85 524
992
35
675 44
287
589 290
818 763
998
324 651
400
177
898 108
283
149
648
349
843
143 703
826
184
412
741
5
819
762 991
764
700 80
934 137
840 511
644
565
45
906
132
329
820
678
746
347
841 817
318 941
994
131 995
629
507
691
136
28
471 837
922
944
504
21
794 684
368 366
828 670
610
636 128
550
465 84
662 498
657 697
87
30 482
731 259
48
733
711 384
164
527 495
596
343 330
477
889
774 695
956 273
303
772
26 37
803
81
656
730
50
278
516
481 620
183 129
344 673
370
639
352
655
756
874
773 449
880
490 198
743
979 517
812
931
282
810 749
801 458
607 321
715 236
851
962
460
861 943
537 338
721 699
251
72 573
716 31
435
29
229
950
405 126
96 770
420
945 157
265
561
509
224 871
19
967 88
679
513 466
663
681 382
720 783
627
949 269
839
996 542
955
599 977
33
890
220
694
73
234 701
661 643
118 957
383 484
216
340
112
260
858 521
830
65 750
395 295
653 478
272
990 101
927 872
980 578
822
682
532
448
279
863
328
693
814 897
174
680
410 579
320
904 580
497
387
847 571
335 32
739
921
677
142
393
797 503
213
238 427
433
152 407
107
811
117 660
404
444 685
271 376
834 988
209
907
233
219
78
608 350
740 123
807
831
196
241
110
191 674
417 958
961 40
576
631 953
918 876
79 492
455 252
913
618 981
769 169
574
68 659
203
165 982
832 586
296
479
893
784
83
380
664 518
738
914
429
280 82
369
207 51
243 985
457
606
440
706
650
315
718
520
853 58
867
790
737 894
615 414
948
9
916 612
970
154
809
816 628
568 266
426 214
446
766
645
702
638
523 59
588
189
782 195
500
535 218
319
360
859
254
20 808
10 665
475 501
145
261
593
310 984
418 846
566 55
860
951
688
294
389
314
903 306
463
122
333
63
966
180 223
277
539
556
544 632
942
268
450
707
852
946 337
267
106
291 911
275
134 866
724
558 114
297 838
815
613
325
676 912
166
719
430
442
425
0 512
937 304
536
147 221
489
925
637 617
374
438 968
614
835 601
924
401 824
865
519
192
692
148
305
453
771
525 993
505
179
390 800
753 545
779
358
38
531
98
919 595
611
397
647
541
245
594
364
235
905
869
75
127
308
323
293
727
987
634 856
171 285
422 253
246 156
754
159
884 600
854
97 443
597
249 717
714 891
247
456
709 155
506
27 257
705 625
483
671
553 36
584
514
602
125
441
409 464
346
748
367
829
923
704
567
240
299
623
208
842
158 915
882 248
11
144 552
710 487
302
472
439
668 76
654
377
54 932
362
187
672
969
972
564 965
641
642
530
70
473
899
194
879 250
391
939
947 813
71 168
850
902 415
827
447 151
585 150
160 857
339 928
232
728
864
188 270
119 528
563 392
170
341 920
421
239
971
14
23
821
734
848
348
765 399
113
162 510
799
900
468
301
757
534 630
570
18 386
423
4
875
508
888
66 598
725
997
591
313
788 781
300
885 359
49 419
549
357
408 474
626
787
200 413
735 793
554
172 124
201
836
486
747
604
592
288 825
960 289
559
311
326
780
292
227 173
212
776
153 204
833 105
855
760 789
130 547
886
640
621
540
64 327
791
569
976
255
936
470 999
459 432
284
658
469 901
34
493
687
895
424 394
336 388
378
120
57 437
167
744 806
778
416
538
605
935
181
