750
967 72
900
537 422
150 133
598 783
141
669
606
233
364
849
268
134 866
944
592
323
641
184
919 876
92
217
729
435
512 884
440
209
381
611
232
207 324
376 800
554
462
12 191
638
93 957
160 383
411
58 471
490 243
10 318
347
640
970
839
307 185
302
367
419 731
392 838
63
275
171 144
877
337 0
867
739
856 234
781 95
198 126
878
979 813
294
86 543
70
976
298
90
605
962
300
573 183
502
60
175 444
125
666 88
959
277
140
83
670 700
53 85
827
785
168 749
75
529 94
820
803
282
939
426 124
28
17
637 341
777
531
517 385
913
322 699
716 664
809
313
975
995 182
603 618
710 288
89
527 578
193
936
112
873 568
155 498
453
33
100
761
504
196
903 528
857 344
941 563
157 805
934 717
162 825
723
485
253 695
912 956
639
139
773 796
737 770
804
613
681 558
875
9
914
608 980
379
708
655
579 758
479
889
580 544
494 246
961 398
843
68 841
709 659
441
84 18
254
384 291
456
154
349
931
917
11
614
334
516
356
54 386
98
276
478 108
164
505
893
446
649
906
690
597
82 751
850
539
540
910 501
819
410 248
746
203
35
743
7
899
296
257 911
303
662 562
176
387
727
864
704
368 984
923
863
946 338
712
870
983
769 402
869
475 524
647
421
29
61 898
551
331 365
202
855
612 521
39
67 59
507
652
216
195 952
696 715
335 180
136
77
241
119 633
621
510 806
675 492
654
41
965 953
405 147
166
745
373 137
583 943
688
457
13
631 36
247
768
44 999
748
881 657
235
111
161 372
607 424
260
775
464 252
24
982 750
520
728
968 553
218 523
477
682
158 816
483
14
874
753 438
113
624 661
159
213
486
473
215 981
369
470 636
776
780
705 474
132
399 388
353 795
332
26 974
735 129
366 581
19
977 204
921
50
447 117
287
630 273
679
616
106
627
23
691
872 295
152 214
660 427
575
480
815
305
309
896
292
395 445
817 920
811
340
778
730
702
370
495 985
706
635 27
560
73
148
845
64 355
604
333
267
763 69
363 206
22
617 945
610
40 668
626
187
511 249
996 915
481 101
756
908
439
266 104
701 310
448
258
508
546
299
677
885 577
823
736
692
120
588
860
317
491
998
854
146 927
747
964
782 57
794 542
620 31
396
644
52 417
413 116
319
312
229
237 601
430
787
329
567
807
506
907
208
880
284
909 676
301
66 343
930 960
790
400
179
279
415 244
928 774
163 458
412
879 79
429
97 20
416
722
103
632 227
469 143
110
352
509
556
8 390
888
833 114
886
645
472
718
130 153
925
574
922
361
963
499
210
565
549
942
406
394 131
555
192
678
145
230
138 788
594
894 653
226 408
989
38
283
536
34
315
955
174
442
836
314
808 721
752 432
658
792
951
600 466
328
771
865
503 619
242 589
434 651
897 345
488
76 200
81
493
170
404
181
895
969
992
650
924
966
460
3
801 566
859
423
42
228
245
99 455
420
37 476
642
433
487 49
377
220
938
724
534 609
656
351
222
933
569
725
102 726
926
496 685
786
240
550
265
151 586
261
852
687
293
972
629
43
791
1
56
500
779
169 991
648
954
698 522
997
212
680
904 55
762 238
987
339 115
278
122
346
576
741
272
533
401 798
454 720
713
525 165
623
425
463
325
530
532
251
194
297 403
358
541
223 359
764
978
4
360
80 545
327 582
797 891
177
450
986
62
734
316
830
189
451
918 264
707
599 461
186
767
304 428
449 321
107
840 15
890
342
593
994
935
285 958
149
671
887
380
378
225
197
311
320
570
559
128 882
868 172
757
482 270
135
673 847
259 231
437 902
32 622
732
201
391
5
178
239
109
350 269
393
354
905
596
812
646
514
211
357
766
667
949 937
255
375 409
950
837 407
826
711 828
468
526
683 643
326
127
835 615
519
810 929
121
78
674 765
587 2
16
443 834
436
818 883
274
733
497
374
224 382
842
431
74
665 572
156 689
515
46 262
557
772
21
71 552
118 547
738
793 418
199 628
802
308
892 564
719
755
25
754
123 96
694
87
459 518
397
48
389
814 188
625 973
467
824 853
684 371
45
584
871 513
330 932
348
289 697
173 789
851
465 571
990 686
799
290 414
280 271
993 862
940 484
744 535
190 759
548 760
821
693
362
822
916 832
829
489
142
167
219
848
714 595
663
740 452
6 30
336 221
281
971
256 65
831
286
250 861
948
947 988
47 236
306 703
91 51
844
591
263 105
634 590
538
205
742
602
672
901 858
784
585 846
561
