750
379
814 133
302
111
874
807
576
456
630 590
122
98
348
204 105
381
954
877
148
457
130 967
244 422
827
926
806 337
628 385
351
599 653
6 598
59 30
136
803
753 27
343 783
228
237 410
554
46 160
935
243 813
671
968 118
9
781 168
978
674 236
214 670
242 501
272
402 376
707
19
441
258
819
611
181
531
538
878
249 116
772
504
917
169 250
742
787
91 941
532
792
364
486
702
605
274
192
307 828
545 82
764
319
521 413
600 762
578 534
43
507
355 8
980 401
37 953
788 198
681 26
396
100
128 543
785
508
308
989
725
761
287
981 751
409 322
888
712
157 524
277
548 31
158 183
489
856 280
328
979 637
522 577
771
374
997
449 513
220
377
652
843
974 651
247
691
933
334
569
679
804
655
698 65
584
476 151
143 934
398 79
189
537 137
177
690
3
166
352
528 581
106
77
474 470
700 675
36 426
830
595 95
300
770 847
546
416
15 958
393
135
663
823
278
230
56
791
152 119
557
297 709
869
360
299
606
991 988
399 68
832 492
922
125
451
75
358
117 871
754
295 573
69 882
453
276
517 609
16
342
499
861 818
834 585
775
998
325
944
831
39
686 382
60
583 885
301
467
515
333
789 683
5
76 415
170
112
733
320
972
848
723
427 44
78
164
196
560
739
662 94
162 612
88 335
317
227 52
925
97 338
387
202
235
536
868 392
435
596
648
493
289 124
864
921
487 461
983
701 172
159
516
439
491
920 552
743
362
92
132
239
567
488
891 180
766
259 909
669
314
12 912
623
193
855
90
49 835
231 47
965 634
907
533
821
254
802
406
728
497
719
964
850
616
993 816
927 104
551
749 350
312
331 665
895
842
990 58
987
746
35
261
41
281
378
221 53
81
251
760 883
110
477
101 252
205
722
779
673 32
282
982 881
155 102
260
594
705 288
550
123 668
7
429
203
955
995 947
316
309
936
63
759 632
886
284
84 394
293
661 55
462
900
303
809
608 798
326
529 911
1
2 304
687
209
692
245
292
893
473
639
127
905
799
167
440
391
494 266
756
975
194
645
641
93 96
388 910
887
495 246
582 395
568 932
42
942
146 840
644
540
186
626
721 54
811
257 769
678
999 469
607 697
973 171
421
846 961
485
291 862
109
556
502
229
458 126
570
389
447 695
724
689 535
906
286
482 547
216
323
750 390
463
273 795
407 147
23
904 977
822
574
468
994
729
211
839
315
658
597
913
165 18
346
602
480
752 562
782 310
810 437
530
45
145
256 432
208
776
542 525
784
187
613
571 572
676 471
731 800
666 345
710 20
139
774 945
519
87
931
610
763 71
28
290 558
418 163
875
233
305
483
479
735 580
627
265
161 464
748
916 603
879 897
680
500
10 544
313
13
275
894 223
199 794
206 930
240
103
593
370
815
914
62
575
963
509
588
73
767
380
773 624
411
141
541
951
561
684 445
824 443
142
682
768
829
85 371
820
174
849
969
514
213
642
40 711
601 384
369
267
397
757
740 424
74
713
120
812
232
503 490
367
134 466
89
285 589
144 408
83
255
559
863
114 765
327 353
359 841
472
212
986
851
870
946 633
354
372 339
677
520
234 622
903 67
631 344
140
966
0 66
431
24
950
591
703 837
268
929 324
420
646
565
526
844
826
579 984
924
61 321
777
349
865
737 892
366 615
425
736
718
184
340
330 455
417 996
640
86 744
617 99
25
845
404
786
197
296
890
11
347
899
70
108 563
201
29
4
271 564
657 825
976
659 720
241
38
178
734
889
138 253
329
21
902 619
755
854
200 428
952 625
518 664
985 373
919 182
793 454
857 459
549
498 943
650
908
225
113
414 452
505
808 434
298
365 928
17
778
852
496 696
510 949
433
33
179
833 115
191 264
48
971
368 726
867
957 218
484 306
423
442
478 383
553 153
636 716
747
222
460
604
638
836
219
175 188
859
688
860
704
923
283
667
647
279
621
450
896
992
866 403
34
838 643
790
412
970
539
22
50
400
880
263 57
217
629
699 717
248 523
527 481
361
207 714
672
727
592
436
706
962
745
107
430
356
853 336
149
357
741
506
649
738
332
224 215
694
960 173
419 363
129 72
937 586
154
121
915 64
948
587 566
959
901 131
732
654
176
685 660
796 876
758 226
555
512 817
801 635
693
156 438
797 386
938
405 190
51 940
872 269
614
448
780
656
14
918 195
730
475 858
341 805
150 898
294
318 715
311
80 884
939
956 238
465 511
446
185 873
708
210
620 270
618 375
262 444
