750
910 385
584
802
349
338 131
352
571 394
490 940
713
510 806
33
320
174
909 630
779
380
887
606
778
885 156
43
0 158
812
281
337 61
260
148
729
827
315
917
558 289
203
400
895
528 813
317
391
137 146
142
978
719
718
121
747
150 662
443 634
825 675
746
445 636
951
102 160
47 788
471 199
595 469
559
572 716
976
924
34
526
562 372
407 449
110
456
834 253
803
265
24
217
157 665
462
762 224
530
249 868
497
308
776
247
500
214 651
514
104 943
640
359 995
957 828
287
384 408
299
809
769 643
811
533
446
127
329
581 590
202
493
406
647
950
219
404
516
429
216
816 731
626
309
35
628 695
95 934
213
921
954
763 386
904 949
593
464 183
566 537
36 612
520
655
7
334
896
257 635
837 990
450
210
50
997
786
969
259 382
672
328
90
89
245
580 714
360
348
906
41
826
582 432
233
876 929
229
416
225
112
389
720 631
212
690
568 683
364
311
605
30 353
622 452
272
301
266 999
134 447
538
869
215 543
177
19
49 44
682
586 306
504
965 116
9
162 475
761
654
94 897
928 620
86 291
235
550
866 871
877
275
285 918
304 415
899
106
433
55 814
657 856
431
286
967 891
477
105 685
423
838 182
870
98
939
708
232
468
594
14
787
65 128
701 818
505
103
992
623
971
231 168
592
255
444 119
751 424
569
890
211
96 466
878
966
480
563 801
367
772
23
676 503
587 726
855
755
120
780
362
784
284
330 782
97 794
883 902
673 674
369
132
646
123 758
613
300
693
851
980 853
186
344 862
642
412
974 511
295 633
549
421
147 280
872 175
293
618 700
936
405 37
169 206
358
189
914
982 585
277
785
473
398 324
743
179
975
188 234
578 376
381
66 26
457
54 589
365 310
397
448
804
194
374
502
694
532
843
962
491
453
441
366 495
139
863
141
638
28
494 846
262 696
845
750 937
955
621
499
161 437
496 858
395 698
970
74
531
345 322
575
342
241
85 195
78
67 15
32 817
274
143 670
101 545
108 740
1
93 968
656
350 632
442
757
561
173 607
739
29
824 697
732
865
680
122
227 577
242 327
165 952
941 653
791
616
410 114
51 12
619 977
807
678
3
236 608
75
111
377
77
692
930 542
396
278
489
953 476
766
279
588
649
882 498
948
679
981 59
517 684
884 470
392 288
596
71 501
771
553 118
823
850
435
842
864
145
900
100
821
387
973 625
298
190 53
905
567
830
519
170
735 79
799
923
178
42
434 171
822
737 20
644
998
333
535 481
373 711
290 961
80 57
764
60
886
875
512 31
332
378
783 617
38
18 297
430
669
113
422 270
730
465 264
986
159
485
409 945
509
76 207
932 744
666 774
478 52
839
39
867
848
363 152
946 99
624 717
524 979
223 873
712
185 492
347
668 40
254
187
767
340
82 793
226 770
893
411
702
109
956 527
458 901
263 552
283
985 521
319
727
738
709 773
722
474 124
6 428
728
603 84
11
597
354
439
777
296
166
463
805 482
64 355
540
548 271
81
518 237
181
56
881 947
989
136
741
599 988
959
938
819
993 133
942
602
83
650
63
734
5
107
91 996
699 58
860
393
832 68
874
294
604
541
847 191
963
544 513
92
153 892
795 413
357
383 861
155 703
756
880
687
614
557
198 960
704
302
196
425
547 375
768
565
765 417
292
62
760 172
303
591
725
163 753
267
205
197
944
326
312
659 2
10 256
240
323
17
331 534
663
356
931
570
715 368
733
790
316
339 321
671
912 487
506
27 661
576
167
857 810
560
798 401
723
627
305
879 269
414 243
645
379
370
539
461 681
351
204 615
854
835 749
639
852
529 126
228
820
652
660 600
467
325
752 144
927 689
829
724
346
427 180
972
745
844
984 710
484 273
184
403 402
742
833 454
907
574
220
664 583
836
451
129 919
248 69
609 238
125
268
361
314
46 898
926
25
933
222
555
164
573 371
140
691
658
754
149
610
390 808
438 130
48
246 523
176
4
193
440
208
916 200
759 250
488
551
792
472
318 705
994
244 151
88 601
258
688
598 686
611
925
888
641
483
45
667
307 920
192
903 115
815
964
707
420
515
556
282
72 797
201
796 841
507
536
736
859
221 800
230
831
21
218 455
261
313
522 579
252 781
987
87
849
546
22
276
525 419
748
889
138 335
13
629
677
915 564
637 8
706
840 117
913
154
908
479
775
135
418 991
209
958 721
70
460
388 911
436
554
922
426 341
983
239
336 399
486
648
508
16
894 459
251
73
343 789
935
