750
479
532
820
613
11
313
590 683
692
243 985
336 388
28
710 487
92
779
10 665
822
827
863
142
925
989
196
14
308
202
260
249 717
738
70
534 630
621
227 173
722
139
225
998
997
539
228
107
548 758
739
626
293
725
42
178
546
87
161 698
791
401 824
657 697
990 101
675 44
728
828 670
558 114
310 984
320
949 269
358
905
477
49 419
702
836
102 244
170
19
796 99
368 366
53 759
254
954
22
153 204
850
689 175
923
950
690
18 386
859
103
185 256
258
761
743
463
229
596
563 392
780
222
719
471 837
865
203
669
189
858 521
224 871
309
776
177
978
646
261
264 577
885 359
282
68 659
769 169
96 770
369
370
633 262
131 995
33
785
333
317
680
410 579
349
148
583 726
500
491
200 413
497
172 124
934 137
555
312
720 783
356
113
429
777
854
400
556
219
46 582
700 80
599 977
762 991
975
705 625
593
945 157
734
737 894
112
329
636 128
60
740 123
530
424 394
681 382
919 595
242 930
373 476
353 116
818 763
420
343 330
417 958
475 501
525 993
807
921
713
766
874
508
278
860
362
798 562
676 912
939
299
570
898 108
423
606
240
944
904 580
844
629
969
718
771
9
144 552
986
648
516
732
448
935
830
961 40
45
811
193
576
875
772
456
241
98
111
757
559
405 126
788 781
192
147 221
523 59
650
834 988
745
851
591
667
74
360
815
490 198
882 248
230
972
996 542
17
117 660
351
231 751
234 701
272
303
95 385
190 163
594
760 789
470 999
442
519
378
152 407
324 651
77
220
348
831
79 492
166
924
23
397
640
302
197
712
566 55
408 474
742
238 427
908
160 857
43
85 524
729
472
987
520
118 957
768
65 750
994
439
870
480
393
201
326
896
585 150
374
948
884 600
41
462
425
288 825
707
486
319
279
127
431
608 350
134 866
395 295
561
154
499
727
715 236
34
174
526
184
194
903 306
438 968
292
187
736
335 32
677
992
217
536
35
893
334
922
821
881 940
753 545
638
956 273
730
183 129
869
130 547
8 686
537 338
936
179
276
233
81
502
72 573
488
165 982
38
569
864
485
588
550
247
25
658
567
216
328
331 226
275
3
764
93 2
398 67
387
181
794 684
767
64 327
493
143 703
57 437
584
733
541
889
801 458
653 478
0 512
402 619
246 156
902 415
435
54 932
371 929
672
291 911
841 817
167
375 47
489
983
62
78
721 699
840 511
94 12
357
693
162 510
298
149
809
409 464
861 943
71 168
959
782 195
616
284
942
914
281
389
933
447 151
716 31
1
832 586
551
188 270
461 52
504
109
6 868
90
778
624 805
133 973
315
724
833 105
56
318 941
694
662 498
403 138
428 345
436
418 846
300
363 104
951
506
159
765 399
565
853 58
89
50
879 250
652
380
955
890
332
610
505
515
614
679
441
73
916 612
649
553 36
611
297 838
799
396
91 572
688
180 223
938
171 285
964
379
910 587
888
708
212
642
682
455 252
557
937 304
527 495
100
887
287
467
704
819
615 414
706
30 482
513 466
205
121
469 901
634 856
960 289
966
609 452
63
900
880
277
323
446
422 253
867
135
421
644
322 182
416
352
26 37
445 15
340
372 86
191 674
878
597
560
27 257
655
554
639
274
946 337
847 571
877
913
29
267
24
339 928
906
211
176
465 84
952 752
892 69
533
433
755
835 601
926
574
746
641
430
848
20 808
967 88
110
453
522 883
481 620
664 518
140
48
927 872
816 628
344 673
592
7
251
845
271 376
829
797 503
931
602
792
381
810 749
623
283
235
618 981
741
406
691
145
714 891
207 51
784
647
575
286
963
735 793
627
255
747
390 800
4
917
804
355 635
709 155
342
383 484
391
83
814 897
210
311
450
855
301
206 909
678
296
473
711 384
802
970
907
849
141
13
886
16
654
862 603
581 263
754
426 214
294
66 598
544 632
265
213
622 974
186
5
364
971
158 915
367
483
637 617
812
731 259
451
122
354
120
316
341 920
245
895
823
607 321
39
564 965
361
795 543
535 218
529 496
307 696
775
744 806
97 443
899
773 449
839
507
119 528
215 146
411
663
404
568 266
786
509
454 61
106
457
918 876
21
164
460
412
631 953
125
790
538
687
756
774 695
136
589 290
199 873
656
540
671
232
661 643
239
605
787
268
666 494
604
514
444 685
280 82
549
843
346
459 432
803
980 578
365 115
305
208
852
842
531
748
132
75
979 517
325
668 76
947 813
468
347
440
645
976
962
434 237
377
209
723
826
314
