750
548 773
779
533
963
974 335
404
581 991
317
514
480
149
555
136
890
326
82 801
107
312
512 353
523 568
791
869
809
546
629
189
584
77
427 252
440
235
490 984
400
826
627
540
412
575
651 996
567
150 716
44 800
73
782 173
210
747
435
508
842
536
223 700
766
602
346
140
7
135
983
322 894
113
458 366
397
479
130 190
887
649
446
953 673
439
472
816 355
924
68 657
837 345
717 466
315
611
547 365
197
414 461
386 242
308
43
258
126 102
676 108
792
916 155
191 146
755
38
395 465
362
888
413 373
164
810 586
625 666
145
872 152
12 853
804
889
572 789
733
736
959
901 861
563 601
245
196
349
282
275
218 856
179
823
802
518 753
957 128
300
154
638
28
14
351
981 898
905
354
749 573
70
396
506
283
757
971
583 147
250 697
428 501
35
203
746
882 918
99 635
209
121
619 818
606
213
9
656
527 66
45
52 534
211
217
734
103
100
141
323
979 995
41
42
260
932 545
84 558
777
908
33
569
237 105
456
593
948
862 496
707
350 562
159
667
492 80
613
973 206
265
271 31
748
561
831
578 402
122
532
588
453
655
712
22
597
845
78
925
286
559
500
685 579
702
885 587
170
688
4
269 383
310 589
187
892 243
21
449 884
630 525
294
693
357
770 253
166
807
551
819
812
425
331 544
255
388 339
287
328
371 958
877
212
311
336 521
982 603
950
814 85
769 415
762 522
624 344
19
462
607 752
332
36 432
194
184
727
485
960 675
457
407 138
886
868 79
790
731 695
342
641
639
859
416
660 571
530
48
139
881 943
850
778
739
628 290
381
691
832 156
703 795
614
529 337
292
422 662
915 940
719
858 97
233
200 262
178
964
921
3
359 920
352
216
549
870
669
978
181
451
369
560
493
849
615 399
47 897
380
743
161 390
843
553 912
401 699
830
406
302
454 270
854
682
29
714 143
358
319
591
902 590
604
89
5
391
148
305
447 564
658
576
645
596
171 503
962
114 151
585 928
119 123
621
827
610
379
931
109
783 608
409 324
772
535 528
759 6
168 763
989
74
644
690
681 710
59 384
411
39
728
405 226
852
484 455
839
670 88
975
56
263 398
298
106
291 765
49 248
488
306 659
997
698 443
16
663
821
860
541
417 158
951
865
502
785
378
896
199 674
370
878
257 144
808 620
208
63
730
677
745
942
803
75
421
672
499
467
10 577
333
394 474
240
348
98
594
724
794 866
205
498 817
420
768
542 475
664 61
855
647
895
69 599
900
279
742
631 256
281
169 180
295 846
994
787
304 266
966
531
430
520
46 683
280 904
977 927
692
214 721
798 985
127
341 55
851
582 363
137 464
239
408 847
90
110
448
570
517 65
236 32
246 318
34
87
356
11
165 510
754
781 273
764
367
299
505
54 949
725
713
899
364
321 375
684 737
761
481 93
857 633
811
919 459
806 20
25
680
389
134 873
704
844
368 244
626
495 883
23
473
735 227
463
112
264 967
192
202
329
592
784
526
552 689
241
37 249
595 307
543 643
970
646
476 162
325
671
741
182 813
111
229
382 876
922
969
125
701 828
254
13
267
301
251
297 163
694
933
234 57
470 947
840 198
914
738
822
72 469
0 760
618 941
393
776
906
805 796
515
438 653
679
120
600 204
987
497
565
2 910
652
387
893
231 524
489
986
116 665
867
650
228
917
26 58
732
423
410 133
623
574
934 715
880
71 129
115 131
104 285
797 993
616
289 419
361
687
998
124 487
327 188
786
17
314
174
775
101 835
913
580 183
554
720 999
939
980 834
232
221 76
504
509
668 175
907
965 338
756
261
67 879
303
18 288
268
276
372 172
556
516
186
729
513 434
848
824 937
274
81
758 968
833 117
799
648
167
436
272
230
718
923
926
62
374
637 403
992
938
193
640
201
478 15
277
177
815
944
157 343
976
661 903
538
946 622
491
320
176
771
636 750
347
284
247
929 609
788 952
820
612 118
825 385
875
132
360
60
678
309
935
259 238
507
433
780
160 696
1
195 95
711 598
220
654
486
708
954
706
460
207 566
445 53
215 961
431
539
557
392 452
632 945
334
836
930 426
955
477
550
634 91
224 153
956 494
767
936
429
50
142
863
219
450
293
990 838
468
519
482 709
744 471
92
642
377
874
774 86
64 444
316
8 751
988 686
24
723
278
313
340
972
376 40
441
891 96
605
222
225
829
722
437 418
442
864
537 909
296
841 726
30 94
27 617
871 424
483
330 793
740 705
185 911
51 511
83
