750
132
278
976
497
637 617
199 873
127
11
220
387
281
16
627
644
3
417 958
629
898 108
931
261
142
952 752
493
814 897
885 359
303
396
923
50
292
205
666 494
904 580
631 953
477
134 866
451
657 697
841 817
308
435
401 824
89
172 124
247
211
787
336 388
843
445 15
822
4
810 749
107
556
733
839
925
513 466
141
275
348
64 327
588
870
972
471 837
140
538
963
268
910 587
488
351
592
807
867
791
566 55
546
240
190 163
560
938
736
298
777
283
422 253
557
966
502
700 80
691
744 806
224 871
675 44
33
365 115
803
381
845
409 464
489
531
193
297 838
0 512
816 628
801 458
113
900
234 701
398 67
319
265
741
176
734
78
613
254
251
352
197
969
955
500
927 872
460
95 385
167
710 487
971
998
864
768
730
314
125
779
776
526
533
170
832 586
431
144 552
245
799
395 295
324 651
457
145
323
840 511
719
73
917
860
418 846
725
187
594
272
679
461 52
680
29
434 237
79 492
212
762 991
85 524
602
798 562
804
74
444 685
802
17
456
54 932
854
287
196
967 88
215 146
274
209
851
38
606
333
433
424 394
771
634 856
604
874
344 673
30 482
75
423
389
649
42
201
970
35
342
378
340
143 703
623
473
120
416
863
200 413
570
945 157
26 37
390 800
811
360
639
180 223
590 683
354
721 699
60
230
853 58
318 941
766
654
119 528
481 620
63
110
718
49 419
786
887
219
153 204
640
34
780
748
610
574
903 306
652
956 273
559
27 257
638
914
658
222
996 542
820
979 517
160 857
227 173
463
961 40
558 114
131 995
302
784
56
372 86
950
939
794 684
243 985
655
430
313
944
836
819
426 214
57 437
20 808
233
282
738
177
879 250
567
41
821
383 484
544 632
206 909
506
739
505
569
722
650
238 427
229
23
621
978
605
25
704
436
848
667
773 449
361
103
490 198
499
828 670
616
217
743
753 545
485
135
334
535 218
740 123
797 503
935
154
886
183 129
162 510
332
94 12
829
228
491
964
599 977
724
918 876
757
831
9
647
459 432
239
711 384
441
727
716 31
551
796 99
646
880
480
916 612
732
316
18 386
91 572
486
213
908
10 665
166
561
609 452
194
678
525 993
202
279
122
439
913
371 929
14
583 726
158 915
24
676 912
859
849
775
523 59
184
554
255
563 392
615 414
714 891
343 330
87
516
271 376
895
467
663
926
767
692
812
291 911
539
641
934 137
936
986
406
149
411
68 659
420
479
428 345
756
689 175
310 984
189
790
8 686
192
356
90
468
608 350
772
410 579
48
133 973
96 770
446
53 759
293
862 603
702
809
688
568 266
878
159
369
761
475 501
662 498
589 290
43
694
412
922
905
858 521
312
576
112
924
548 758
357
440
70
102 244
373 476
983
664 518
65 750
117 660
855
397
633 262
504
77
519
203
325
307 696
656
448
893
720 783
585 150
827
136
377
990 101
890
830
527 495
355 635
661 643
755
745
852
723
363 104
315
391
66 598
28
818 763
907
705 625
672
97 443
549
792
174
669
191 674
375 47
207 51
653 478
888
960 289
71 168
447 151
713
507
877
591
309
286
937 304
100
364
148
532
317
833 105
980 578
847 571
246 156
331 226
994
842
530
618 981
534 630
72 573
992
320
708
284
951
706
636 128
472
747
823
45
690
687
277
19
769 169
185 256
267
735 793
764
648
782 195
81
742
997
611
959
235
754
341 920
109
280 82
509
947 813
121
902 415
671
553 36
13
892 69
483
709 155
1
875
118 957
260
882 248
760 789
942
450
731 259
311
425
329
515
462
21
181
339 928
889
668 76
294
788 781
795 543
249 717
555
537 338
540
626
987
7
442
550
6 868
785
130 547
614
520
884 600
681 382
677
404
242 930
328
106
707
231 751
161 698
564 965
826
746
682
522 883
693
607 321
774 695
453
778
405 126
225
896
844
296
335 32
946 337
454 61
346
865
954
962
850
111
347
715 236
834 988
147 221
622 974
728
210
597
165 982
353 116
139
421
379
362
948
975
5
264 577
949 269
737 894
276
514
374
408 474
541
624 805
178
536
367
300
729
921
326
299
508
393
403 138
322 182
529 496
208
188 270
232
402 619
216
358
815
349
919 595
429
380
899
596
438 968
565
465 84
642
83
179
584
370
62
46 582
861 943
933
22
93 2
455 252
39
301
164
258
92
575
645
765 399
368 366
869
470 999
400
305
881 940
906
581 263
835 601
171 285
288 825
98
593
186
241
469 901
989
152 407
712
