750
671
31 897
359 918
867
462
179
254
303
105 368
580 868
699 470
435
89
42
823
676 705
141
34
200 133
541
349
234 818
374
549
341 46
695 840
605
842
243 716
208
805 65
39
183 452
218 571
472
993 904
356
323
690
905
964
648
807
552 20
11
45
49 414
489
896
267
304 471
677
760 984
681 12
222
497
18 781
809
824 86
144 582
263 618
754
340
134 770
367
320
870
658
184
23
924
29
203
803
230
645
615 630
564 97
364
968 443
750 231
862 631
275
775
899
710 291
160 535
204 668
436
360
16
570
192
220
865
96 418
456
181
669
281
498 372
170
555
87
559
908
659 715
816 143
329
440
561
500
247
107
931
884 227
755
272
446
969
597
438 398
530
734
357
425
881 501
24
370
547 841
174
102 36
315
13
869
454 801
60
314
483
17
526
205
551
235
518 763
914
209
913
821
312
953 633
923
667
441
639
228
28
399 765
790
384 285
576
853 653
784
27 434
654
523 861
512 84
408 171
411
712
158 928
990 628
607 6
685 982
903 717
269 185
15 751
975
578 353
927 385
909 788
692
697 825
1
41
696 71
926
292
509
250 108
657 147
922
355 795
378
758 961
596
445 91
941 977
313
428 375
611
121
845
116 207
76 163
485
718
954
490 919
316
224 327
745
393
907
293
826
940 980
342
88 634
997
850
860
985 339
672
725
978
325
872 999
621
111
893
874
74
735 403
52 495
585 188
451
568 930
779
233
746
877
811
641
343 670
844
128 503
140
194
889
423
122
44 262
196
854
567
211
131 484
221 534
362
574
647
439
363 524
776
324 521
798 612
753 958
223 244
660 64
569
22
348
917
448
461 608
77
412
910 257
138 973
655
891 579
766
271 946
792
326
738
99 911
994
675 297
545 30
162 67
532
229
507
894 974
90
724
614
21
539
942
7
829
515
427 117
377
989
240
73
950
479
713
173 857
778
890
226 449
863
536
768
491
943 494
558 253
457
855
294
78
748
166
274
859
379
307 214
525 744
731 237
682
573 405
960 280
241
538
700 104
830
365 82
686 783
616
721 666
53 465
308
189
839
752 270
48
673 150
369
849
948
431
906
627
216
925
266 814
232
113
688
557
212
413 522
25
971
197
802
406
822
248 476
258
474 711
402 335
595 180
453
57 759
553 68
310 101
556
83
706
178
900
9
772
882 151
787
260
311
542 264
879 93
112
149
331 252
114 464
703 828
880
782 583
400
70
444 496
142
998
415 517
636 195
592
35
651 952
298
410 330
59 94
164
728
742
296
276
714 37
646
635 847
407 152
458 873
277
575
50
279
110
723
135
936
959
288 866
786
139
238 632
268
302
510 858
79 492
346
109
813 409
63
963
921
955
193
198 901
286
186
820
883 306
19
846 119
794 432
390 837
935
527 945
246 662
588
827
69 156
361
480
145
663
26 773
100
98
255
819
251
159
757
182 137
10 817
488
996 422
729
769 487
560
265
988 424
600 800
278
284
81
337 683
625 949
587 581
680
467
774 130
51 388
317
704
0 548
613
442
529 66
191 466
652
550
282
838 165
689 318
430
416
726 419
508
92
604
120
797 190
8 684
871 373
806 482
851
563 566
623
493
812
72 720
397
256 537
747
56
283
707
4
736
789 199
420
333
934 709
644
154
3
225
328
546
125
878
394 937
799
62
14
38
167
347
808 619
981 511
103
972
593
177
962
701 236
477
168 206
678
332
261
259 395
387
148
875
505
401 249
520
351
661 920
352
804
951
749 126
338 289
970
944
371 832
433
127
606
380
299
366 95
843
301
382 674
531
649
785
810 620
743
153 562
129 586
169 929
502
835 146
202
404
115 599
815
391
321 885
396
43
833 622
504
350 589
33
506
938
519
876 172
856 481
979 932
459 80
155 392
514
544 513
637 737
136
864
358
594
300
730
565
319
242 118
888
912 336
992
540
756
381
791
691
733
376 834
429
898 273
309
215 572
345 793
640
421
463
617 965
577 740
694
217
664 762
886
590 175
796 295
693
933
764
213
486
610
478 995
679
708
902 124
831
642
939
777
322 475
739
601 528
602
887
915 643
848
741
437 290
75
895
976
767
210
687
698 161
967 624
727
157 947
533
383 916
40 386
780
417 991
852
2 54
499
598 344
626
450
5
603 956
426 61
239
55 469
516
468
987
389
219
966
591
702
460
584
983
455 58
629
473
638
123 665
201
836
656
85 47
732
305
132
176
771
354
543 609
447 32
245
187
892 957
722
650
719
554
334
106
287
986
761
