750
403 138
853 58
205
165 982
390 800
960 289
148
776
49 419
287
525 993
397
849
590 683
457
89
356
35
131 995
308
760 789
809
757
465 84
194
798 562
559
113
585 150
206 909
22
364
187
886
676 912
48
96 770
227 173
762 991
418 846
944
880
361
393
183 129
986
850
9
499
721 699
462
642
819
874
267
316
807
396
228
687
320
654
777
307 696
604
639
537 338
535 218
93 2
832 586
904 580
29
551
358
610
440
664 518
328
471 837
722
924
622 974
20 808
727
711 384
454 61
778
892 69
657 697
13
249 717
70
728
355 635
219
0 512
21
788 781
794 684
417 958
661 643
680
140
136
772
532
710 487
742
301
199 873
180 223
170
200 413
477
626
469 901
87
592
565
828 670
764
16
274
844
584
24
468
372 86
90
326
756
33
176
98
212
6 868
730
881 940
292
519
184
453
322 182
675 44
196
884 600
319
264 577
629
790
446
627
134 866
822
602
408 474
111
855
634 856
283
787
745
433
688
460
420
445 15
741
483
412
489
348
346
747
650
611
363 104
459 432
556
472
566 55
7
564 965
288 825
972
60
141
596
45
583 726
706
931
470 999
820
118 957
300
861 943
162 510
42
181
662 498
25
298
456
479
990 101
903 306
451
607 321
152 407
895
240
925
260
869
531
952 752
867
900
130 547
491
430
810 749
72 573
271 376
189
679
653 478
56
28
608 350
448
369
314
723
954
647
179
422 253
833 105
550
917
898 108
589 290
282
709 155
671
839
555
109
644
569
309
341 920
889
910 587
561
755
410 579
441
450
505
746
10 665
970
161 698
851
375 47
241
514
509
913
623
893
538
774 695
536
438 968
533
575
522 883
621
302
71 168
284
235
553 36
879 250
779
811
708
767
878
370
177
743
733
373 476
91 572
405 126
305
682
485
242 930
646
77
888
784
144 552
998
488
792
782 195
896
233
354
769 169
554
691
859
62
429
786
463
190 163
645
976
225
5
830
736
254
391
230
192
705 625
946 337
588
658
442
455 252
334
65 750
79 492
210
663
395 295
434 237
500
983
593
27 257
467
638
100
780
125
480
677
380
238 427
526
409 464
922
842
234 701
39
493
122
383 484
78
631 953
804
771
50
297 838
725
914
716 31
530
847 571
852
377
916 612
541
523 59
636 128
773 449
831
8 686
641
276
497
323
294
428 345
724
934 137
731 259
275
239
992
277
191 674
154
574
570
994
672
447 151
229
119 528
3
217
121
19
785
53 759
207 51
324 651
618 981
599 977
949 269
215 146
507
987
534 630
864
63
387
107
66 598
597
527 495
286
132
421
655
860
336 388
347
963
312
299
826
203
539
344 673
516
633 262
715 236
147 221
117 660
106
247
765 399
38
378
961 40
704
667
158 915
858 521
425
296
41
333
818 763
606
461 52
291 911
14
702
668 76
243 985
188 270
848
423
351
34
614
318 941
971
278
899
502
325
689 175
882 248
349
193
513 466
92
435
775
335 32
969
648
255
18 386
340
201
331 226
315
81
802
281
216
739
815
814 897
581 263
753 545
616
707
268
280 82
877
980 578
83
905
265
609 452
692
85 524
352
424 394
649
245
416
17
401 824
836
862 603
766
613
923
744 806
26 37
360
145
962
272
964
43
400
208
967 88
209
23
313
213
955
404
951
1
490 198
486
740 123
231 751
444 685
926
640
885 359
54 932
840 511
947 813
908
735 793
656
251
439
426 214
978
186
906
166
46 582
365 115
918 876
30 482
546
845
481 620
935
959
220
718
110
211
693
669
835 601
95 385
637 617
975
520
719
436
171 285
568 266
690
246 156
560
907
112
94 12
74
64 327
927 872
615 414
529 496
576
997
841 817
938
342
678
834 988
367
594
303
795 543
936
508
343 330
544 632
120
329
406
919 595
902 415
73
379
68 659
956 273
172 124
504
197
812
174
567
310 984
799
863
624 805
666 494
921
950
475 501
224 871
389
681 382
843
694
801 458
368 366
143 703
4
652
945 157
261
700 80
712
548 758
102 244
75
937 304
164
127
133 973
258
153 204
875
887
135
515
103
803
979 517
506
996 542
768
591
558 114
966
11
720 783
890
398 67
159
827
816 628
149
222
202
854
797 503
796 99
748
791
160 857
357
374
989
232
317
339 928
714 891
754
713
178
729
167
939
431
823
139
353 116
332
97 443
870
563 392
142
402 619
57 437
942
185 256
540
293
411
732
933
738
605
473
737 894
279
362
381
829
549
311
371 929
734
865
821
761
948
557
