750
450
246 523
869
201
756
866 871
724
852
769 643
514
848
694
959
734
150 662
767
880
989
220
396
27 661
174
356
66 26
538
426 341
575
104 943
722
857 810
203
67 15
190 53
339 321
188 234
950
230
757
903 115
671
978
548 271
33
381
610
208
913
202
159
768
787
55 814
727
609 238
804
755
592
80 57
799
693
664 583
416
274
874
795 413
268
679
656
384 408
876 929
358
96 466
839
342
935
263 552
107
427 180
831
790
213
163 753
883 902
181
210
192
778
244 151
409 945
148
624 717
654
603 84
508
351
938
276
984 710
83
582 432
779
525 419
510 806
560
490 940
569
652
344 862
350 632
777
791
132
141
24
236 608
502
854
485
479
330 782
573 371
345 322
835 749
337 61
392 288
25
832 68
362
389
865
875
518 237
953 476
248 69
741
939
509
340
802
370
412
619 977
439
365 310
111
655
300
821
638
809
406
101 545
296
706
62
771
506
936
954
388 911
972
746
165 952
456
531
912 487
245
357
138 335
627
559
127
702
434 171
326
855
529 126
962
574
216
232
4
397
320
752 144
512 31
707
822
566 537
266 999
9
279
112
474 124
602
283
1
910 385
772
468
843
785
32 817
398 324
295 633
390 808
21
928 620
851
421
669
184
240
925
91 996
956 527
219
325
259 382
46 898
348
108 740
571 394
312
89
547 375
539
762 224
763 386
676 503
122
460
691
957 828
299
196
680
888
850
65 128
666 774
931
319
493
637 8
14
838 182
484 273
645
332
970
86 291
185 492
975
347
393
628 695
827
193
825 675
39
284
908
255
143 670
81
739
50
277
904 949
153 892
986
921
900
311
690
593
354
833 454
867
227 577
215 543
811
187
435
451
483
775
90
981 59
176
750 937
784
142
366 495
877
467
211
403 402
457
718
169 206
847 191
258
38
157 665
64 355
414 243
42
77
905
568 683
736
819
958 721
729
254
494 846
966
840 117
554
541
842
161 437
565
742
45
951
639
442
812
35
242 327
139
222
677
307 920
387
349
520
930 542
110
941 653
673 674
933
887
448
563 801
974 511
587 726
584
309
88 601
491
845
621
505
926
369
480
294
317
964
36 612
896
709 773
708
186
507
379
423
95 934
535 481
11
93 968
217
125
285 918
377
824 697
889
948
314
374
644
298
907
262 696
441
179
572 716
231 168
74
6 428
98
596
383 861
458 901
837 990
576
275
878
916 200
212
658
640
798 401
606
121
166
967 891
352
194
864
334
359 995
87
550
733
247
672
367
170
557
533
922
618 700
373 711
5
540
302
496 858
678
418 991
106
647
462
209
499
60
497
56
946 99
692
303
997
361
28
765 417
214 651
177
728
894 459
699 58
404
100
747
859
323
205
41
555
23
134 447
561
85 195
136
197
524 979
16
54 589
993 133
251
667
225
668 40
223 873
465 264
97 794
816 731
226 770
516
971
265
915 564
145
517 684
558 289
776
648
923
963
872 175
140
715 368
965 116
796 841
500
331 534
723
10 256
899
649
829
987
3
71 501
431
980 853
786
78
567
149
820
807
879 269
92
105 685
82 793
329
944
123 758
429
836
682
308
241
318 705
316
544 513
333
605
906
135
7
471 199
292
725
19
489
443 634
688
30 353
730
976
581 590
985 521
364
761
70
973 625
766
444 119
328
895
737 20
917
890
893
738
278
478 52
410 114
570
748
360
595 469
743
405 37
823
155 703
532
422 270
178
884 470
425
914
860
103
604
378
235
272
629
343 789
464 183
764
909 630
218 455
955
650
445 636
626
803
551
881 947
780
530
519
438 130
305
754
261
286
720 631
546
759 250
252 781
463
281
0 158
924
927 689
313
120
863
17
109
477
591
613
446
805 482
969
994
982 585
48
526
18 297
712
660 600
129 919
282
992
504
622 452
267
461 681
137 146
249 868
616
745
338 131
51 12
849
641
886
346
221 800
336 399
363 152
588
735 79
147 280
942
189
830
580 714
611
233
486
301
453
49 44
556
882 498
154
198 960
597
260
815
239
229
167
844
792
488
43
687
528 813
998
228
75
783 617
983
22
47 788
614
704
549
594
63
73
515
400
642
76 207
472
204 615
13
657 856
932 744
411
102 160
719
870
663
257 635
380
315
473
646
586 306
293
72 797
701 818
287
94 897
420
436
760 172
164
826
29
433
522 579
395 698
536
659 2
885 156
623
751 424
553 118
578 376
834 253
162 475
732
598 686
113
34
290 961
407 449
391
599 988
440
173 607
713
304 415
430
562 372
