750
29
351
657 856
228
882 498
529 126
170
338 131
462
50
964
727
311
526
790
553 118
35
75
672
834 253
802
525 419
179
106
304 415
845
230
581 590
103
895
345 322
587 726
23
506
908
425
889
471 199
903 115
458 901
863
90
760 172
888
461 681
251
805 482
295 633
255
742
47 788
678
860
414 243
312
804
282
876 929
519
847 191
384 408
766
707
795 413
285 918
173 607
217
319
659 2
512 31
490 940
112
923
347
538
301
602
736
169 206
440
86 291
215 543
799
259 382
978
936
30 353
618 700
640
980 853
715 368
92
261
333
363 152
667
0 158
881 947
958 721
893
574
225
820
750 937
989
277
145
948
656
359 995
298
761
973 625
669
838 182
302
148
32 817
14
426 341
609 238
993 133
140
748
22
985 521
826
562 372
706
352
211
438 130
299
339 321
827
360
472
642
499
906
637 8
420
809
214 651
398 324
655
421
446
223 873
442
593
591
367
778
491
720 631
411
913
932 744
236 608
267
734
33
816 731
931
465 264
762 224
348
877
660 600
769 643
709 773
334
900
984 710
89
690
42
480
604
48
67 15
787
535 481
85 195
571 394
192
823
349
357
93 968
176
915 564
965 116
941 653
725
189
563 801
867
779
926
673 674
812
951
7
320
132
560
166
975
570
925
751 424
460
138 335
178
362
121
483
777
101 545
896
162 475
478 52
886
540
209
64 355
317
904 949
954
361
569
220
613
791
864
668 40
754
39
623
292
266 999
595 469
1
821
105 685
741
650
843
318 705
679
944
305
6 428
819
572 716
596
10 256
599 988
832 68
870
252 781
373 711
796 841
520
226 770
550
45
494 846
5
350 632
783 617
16
201
404
840 117
82 793
928 620
343 789
390 808
456
307 920
907
558 289
65 128
909 630
730
430
97 794
186
486
557
567
337 61
340
619 977
946 99
733
336 399
887
154
874
210
522 579
963
664 583
493
405 37
500
507
584
346
767
388 911
869
971
899
323
835 749
313
36 612
713
392 288
807
914
496 858
218 455
49 44
718
216
70
330 782
546
879 269
763 386
764
575
365 310
972
735 79
208
464 183
136
910 385
329
605
970
380
694
824 697
366 495
102 160
328
765 417
109
387
962
331 534
249 868
94 897
719
436
966
759 250
639
474 124
242 327
448
38
836
263 552
296
222
159
76 207
342
927 689
427 180
811
281
598 686
181
699 58
219
3
244 151
830
530
422 270
233
950
712
150 662
644
95 934
815
403 402
484 273
450
516
588
676 503
274
279
416
547 375
859
771
986
63
51 12
780
167
850
866 871
603 84
9
190 53
610
198 960
27 661
467
143 670
235
738
96 466
582 432
611
883 902
120
77
844
955
872 175
938
83
504
969
792
559
78
409 945
43
756
71 501
290 961
629
87
638
998
857 810
508
646
229
691
578 376
370
439
316
798 401
135
60
652
880
246 523
294
240
739
308
473
381
13
628 695
407 449
163 753
344 862
905
74
693
957 828
573 371
204 615
17
875
616
254
445 636
194
231 168
88 601
113
539
647
185 492
649
247
314
104 943
594
745
997
775
956 527
72 797
309
912 487
73
803
702
4
326
502
177
855
203
747
822
91 996
431
379
260
227 577
369
406
837 990
994
34
586 306
434 171
153 892
488
127
992
395 698
239
515
275
41
81
916 200
451
848
982 585
854
894 459
531
28
164
722
627
536
489
332
265
122
123 758
724
568 683
46 898
300
648
412
576
566 537
197
776
258
884 470
110
141
621
849
24
878
477
658
80 57
746
241
728
852
701 818
155 703
364
743
518 237
554
983
205
393
418 991
293
378
930 542
688
315
356
62
556
441
939
671
98
125
196
555
188 234
666 774
732
139
66 26
785
400
505
55 814
268
443 634
221 800
149
423
174
391
829
165 952
485
976
272
533
890
967 891
468
107
56
377
549
21
325
283
917
544 513
276
663
18 297
723
257 635
532
524 979
396
622 452
708
54 589
981 59
597
592
358
213
784
157 665
974 511
100
510 806
11
626
833 454
202
561
457
614
757
193
528 813
517 684
565
752 144
692
444 119
680
284
851
645
232
287
839
704
933
514
137 146
129 919
212
479
935
922
187
142
654
111
134 447
682
548 271
161 437
580 714
463
453
184
397
921
959
825 675
497
303
885 156
410 114
278
19
248 69
786
677
262 696
772
354
942
435
374
108 740
624 717
924
606
687
953 476
147 280
286
641
842
737 20
768
865
383 861
245
541
509
831
729
389
433
755
429
551
25
987
