750
605
602
787
119 633
123 96
908
878
22
896
723
933
305
245
776
9
187
857 344
818 883
986
350 269
738
739
845
910 501
381
682
450
771
168 749
43
623
29
979 813
209
253 695
639
142
780
301
195 952
118 547
835 615
925
290 414
599 461
159
693
370
356
892 564
443 834
812
489
146 927
909 676
917
936
323
757
217
844
298
707
807
638
671
141
732
495 985
194
873 568
78
67 59
596
368 984
128 882
459 518
540
616
346
565
7
655
157 805
709 659
14
640
259 231
98
648
508
10 318
468
762 238
267
189
692
11
431
998
977 204
504
384 291
704
761
336 221
415 244
931
86 543
177
5
447 117
963
342
868 172
33
499
360
75
167
392 838
325
509
881 657
92
213
66 343
839
490 243
77
855
885 577
297 403
852
688
45
733
748
313
992
44 999
527 578
68 841
951
456
91 51
106
961 398
975
405 147
351
705 474
404
843
229
500
134 866
594
441
550
745
453
367
446
610
3
73
872 295
208
848
938
537 422
955
207 324
753 438
216
205
472
549
353 795
260
201
254
413 116
837 407
785
173 789
864
482 270
37 476
239
202
702
741
256 65
670 700
387
894 653
539
766
567
19
907
941 563
395 445
701 310
21
752 432
332
886
696 715
38
53 85
76 200
296
377
175 444
747
60
711 828
906
856 234
488
658
312
218 523
863
964
769 402
148
349
196
600 466
782 57
421
772
677
687
912 956
612 521
242 589
879 79
327 582
724
635 27
399 388
393
138 788
373 137
311
698 522
654
554
811
434 651
87
40 668
42
219
125
166
714 595
608 980
163 458
948
817 920
899
706
804
70
614
660 427
110
61 898
626
83
775
532
962
258
546
971
416
109
598 783
412
712
940 484
394 131
510 806
914
84 18
576
276
429
634 590
433
320
250 861
136
481 101
293
742
224 382
512 884
198 126
285 958
649
663
995 182
361
150 133
319
735 129
215 981
154
292
467
826
860
74
362
151 586
514
781 95
331 365
62
627
924
967 72
620 31
573 183
330 932
58 471
808 721
178
222
465 571
895
190 759
440
641
819
469 143
673 847
621
426 124
939
570
529 94
376 800
161 372
314
322 699
944
665 572
969
156 689
211
773 796
516
916 832
921
12 191
511 249
54 386
893
926
536
451
400
888
630 273
233
299
4
121
279
483
419 731
718
647
257 911
656
650
317
17
235
560
47 236
99 455
666 88
729
814 188
606
966
339 115
454 720
435
448
103
625 973
809
174
716 664
662 562
425
905
304 428
478 108
708
347
35
994
420
494 246
680
140
632 227
580 544
268
900
949 937
389
502
283
410 248
551
993 862
874
691
942
26 974
16
642
569
505
678
32 622
786
240
801 566
810 929
460
486
212
302
919 876
46 262
287
802
591
289 697
462
793 418
48
210
764
587 2
923
281
160 383
574
734
597
430
112
396
255
850
534 609
768
557
193
681 558
517 385
284
328
836
675 492
261
52 417
867
710 288
449 321
232
763 69
352
507
592
503 619
934 717
737 770
39
265
155 498
575
694
226 408
90
122
897 345
274
8 390
690
727
890
479
184
519
784
990 686
978
411
145
713
755
354
251
877
113
278
50
870
335 180
559
186
672
164
358
740 452
406
192
102 726
282
889
379
684 371
366 581
179
457
779
203
946 338
754
162 825
369
442
683 643
637 341
525 165
280 271
41
652
28
679
541
82 751
803
997
871 513
824 853
170
746
797 891
579 758
875
364
228
397
81
646
533
100
333
237 601
854
120
777
135
922
968 553
220
669
989
506
423
987
833 114
556
275
309
230
334
611
473
475 524
904 55
199 628
470 636
363 206
743
266 104
487 49
585 846
149
965 953
959
820
982 750
887
794 542
80 545
25
34
792
316
840 15
629
329
954
604
306 703
842
631 36
63
719
531
830
89
722
744 535
865
667
821
463
93 957
674 765
480
272
725
286
791
225
56
607 424
918 264
171 144
767
831
436
526
464 252
437 902
730
401 798
107
849
935
983
391
241
851
815
307 185
520
181
127
139
829
930 960
555
263 105
497
71 552
308
340
496 685
901 858
294
869
169 991
380
111
790
378
728
827
158 816
584
130 153
477
880
644
548 760
561
593
337 0
913
645
303
583 943
357
613
439
97 20
823
859
375 409
976
176
538
624 661
799
23
736
326
603 618
493
6 30
348
223 359
778
588
1
928 774
152 214
970
300
950
530
972
903 528
617 945
277
485
947 988
515
491
756
197
315
374
132
64 355
247
13
822
24
996 915
