750
295 633
592
275
538
433
194
554
606
309
647
245
305
422 270
533
484 273
975
799
359 995
784
248 69
642
954
215 543
965 116
905
921
187
319
411
809
916 200
668 40
398 324
181
687
706
76 207
843
159
93 968
260
274
967 891
493
49 44
312
900
850
336 399
81
893
89
150 662
302
488
519
754
786
41
464 183
673 674
240
203
974 511
510 806
55 814
605
857 810
930 542
563 801
646
380
748
471 199
165 952
47 788
847 191
218 455
30 353
963
522 579
367
830
301
299
838 182
39
603 84
163 753
855
82 793
212
223 873
210
94 897
795 413
184
456
669
547 375
973 625
816 731
679
123 758
752 144
688
993 133
637 8
998
785
296
201
567
425
666 774
691
27 661
267
771
347
392 288
578 376
581 590
225
307 920
682
162 475
824 697
610
46 898
497
477
90
506
811
490 940
98
815
268
827
344 862
491
759 250
732
796 841
66 26
512 31
109
438 130
867
735 79
430
314
910 385
451
677
74
613
92
555
536
405 37
349
944
208
219
524 979
894 459
316
137 146
884 470
939
292
958 721
962
164
140
328
186
520
571 394
798 401
807
489
573 371
742
352
528 813
62
384 408
938
984 710
724
596
971
197
276
33
485
802
48
981 59
36 612
120
614
366 495
906
680
391
540
373 711
727
819
318 705
739
6 428
450
903 115
290 961
458 901
747
467
730
932 744
205
821
621
346
135
604
468
982 585
173 607
10 256
719
178
778
509
435
553 118
441
473
514
60
138 335
692
395 698
412
388 911
659 2
378
24
421
544 513
870
383 861
574
622 452
363 152
602
479
436
369
204 615
265
766
880
410 114
874
628 695
729
864
733
272
535 481
737 20
429
426 341
77
672
723
966
623
104 943
233
403 402
890
775
946 99
594
931
462
704
85 195
917
101 545
504
87
837 990
904 949
478 52
221 800
712
381
185 492
29
664 583
11
434 171
226 770
953 476
177
746
560
767
530
374
845
445 636
879 269
329
844
189
558 289
762 224
736
569
108 740
28
718
34
772
693
822
572 716
923
763 386
956 527
86 291
17
640
343 789
246 523
348
220
325
551
611
132
595 469
80 57
895
645
976
834 253
213
167
102 160
791
805 482
331 534
474 124
582 432
113
575
972
147 280
859
561
105 685
987
229
19
849
626
591
202
360
780
609 238
708
525 419
639
440
648
262 696
624 717
764
588
550
166
420
779
266 999
597
110
97 794
803
67 15
935
127
32 817
125
136
261
7
907
760 172
91 996
854
418 991
629
22
315
959
566 537
644
396
694
457
986
448
715 368
334
285 918
699 58
198 960
453
338 131
882 498
23
994
13
570
562 372
51 12
765 417
638
663
951
339 321
263 552
365 310
370
277
580 714
241
326
908
769 643
507
833 454
660 600
656
875
927 689
407 449
667
713
1
983
179
103
883 902
357
936
460
768
777
985 521
56
134 447
876 929
155 703
141
311
886
593
743
247
922
496 858
502
121
912 487
992
286
842
889
303
933
188 234
792
444 119
75
587 726
948
404
354
149
73
14
242 327
443 634
228
755
701 818
350 632
209
255
236 608
887
499
812
239
446
345 322
330 782
926
416
278
298
95 934
915 564
279
393
258
942
955
865
565
148
161 437
107
964
153 892
557
839
654
351
480
548 271
914
517 684
342
826
358
913
709 773
505
389
866 871
284
556
618 700
42
702
909 630
529 126
823
690
282
658
494 846
599 988
978
439
872 175
157 665
193
190 53
300
532
317
431
941 653
142
230
154
361
169 206
16
899
586 306
409 945
364
869
254
461 681
70
559
235
888
787
35
783 617
78
541
387
539
970
969
881 947
64 355
728
463
379
227 577
332
576
88 601
950
707
652
65 128
106
281
406
671
584
836
83
825 675
4
333
222
518 237
442
244 151
878
619 977
928 620
308
427 180
390 808
657 856
924
5
9
25
287
757
294
840 117
54 589
980 853
216
549
214 651
820
734
257 635
860
72 797
835 749
251
725
96 466
655
400
174
925
259 382
486
997
641
678
516
323
829
71 501
176
526
852
293
252 781
676 503
129 919
989
722
885 156
650
616
851
217
38
143 670
423
112
776
283
627
18 297
211
340
249 868
500
957 828
196
231 168
745
877
304 415
848
804
3
50
337 61
472
741
45
356
0 158
515
756
896
531
139
832 68
100
546
649
63
508
751 424
170
313
738
122
750 937
192
831
414 243
145
232
568 683
598 686
863
483
111
21
790
761
320
465 264
720 631
43
397
362
377
